168 1437 1 2 4 999
1 3 500 999
3 4 500 999
4 5 500 999
5 6 500 999
6 7 500 999
7 8 500 999
8 9 500 999
9 10 500 999
10 11 500 999
11 12 500 999
12 13 500 999
13 14 500 999
14 15 500 999
15 16 500 999
16 17 500 999
17 18 500 999
18 2 500 999
1 19 10 2
1 20 10 3
1 21 10 4
1 22 10 1
1 23 10 2
1 24 10 3
1 25 10 4
1 26 10 1
1 27 10 2
1 28 10 3
19 29 10 3
19 30 10 4
19 31 10 5
19 32 10 2
19 33 10 3
19 34 10 4
19 35 10 5
19 36 10 2
19 37 10 3
19 38 10 4
20 29 10 3
20 30 10 4
20 31 10 5
20 32 10 2
20 33 10 3
20 34 10 4
20 35 10 5
20 36 10 2
20 37 10 3
20 38 10 4
21 29 10 3
21 30 10 4
21 31 10 5
21 32 10 2
21 33 10 3
21 34 10 4
21 35 10 5
21 36 10 2
21 37 10 3
21 38 10 4
22 29 10 3
22 30 10 4
22 31 10 5
22 32 10 2
22 33 10 3
22 34 10 4
22 35 10 5
22 36 10 2
22 37 10 3
22 38 10 4
23 29 10 3
23 30 10 4
23 31 10 5
23 32 10 2
23 33 10 3
23 34 10 4
23 35 10 5
23 36 10 2
23 37 10 3
23 38 10 4
24 29 10 3
24 30 10 4
24 31 10 5
24 32 10 2
24 33 10 3
24 34 10 4
24 35 10 5
24 36 10 2
24 37 10 3
24 38 10 4
25 29 10 3
25 30 10 4
25 31 10 5
25 32 10 2
25 33 10 3
25 34 10 4
25 35 10 5
25 36 10 2
25 37 10 3
25 38 10 4
26 29 10 3
26 30 10 4
26 31 10 5
26 32 10 2
26 33 10 3
26 34 10 4
26 35 10 5
26 36 10 2
26 37 10 3
26 38 10 4
27 29 10 3
27 30 10 4
27 31 10 5
27 32 10 2
27 33 10 3
27 34 10 4
27 35 10 5
27 36 10 2
27 37 10 3
27 38 10 4
28 29 10 3
28 30 10 4
28 31 10 5
28 32 10 2
28 33 10 3
28 34 10 4
28 35 10 5
28 36 10 2
28 37 10 3
28 38 10 4
29 39 10 4
29 40 10 5
29 41 10 6
29 42 10 3
29 43 10 4
29 44 10 5
29 45 10 6
29 46 10 3
29 47 10 4
29 48 10 5
30 39 10 4
30 40 10 5
30 41 10 6
30 42 10 3
30 43 10 4
30 44 10 5
30 45 10 6
30 46 10 3
30 47 10 4
30 48 10 5
31 39 10 4
31 40 10 5
31 41 10 6
31 42 10 3
31 43 10 4
31 44 10 5
31 45 10 6
31 46 10 3
31 47 10 4
31 48 10 5
32 39 10 4
32 40 10 5
32 41 10 6
32 42 10 3
32 43 10 4
32 44 10 5
32 45 10 6
32 46 10 3
32 47 10 4
32 48 10 5
33 39 10 4
33 40 10 5
33 41 10 6
33 42 10 3
33 43 10 4
33 44 10 5
33 45 10 6
33 46 10 3
33 47 10 4
33 48 10 5
34 39 10 4
34 40 10 5
34 41 10 6
34 42 10 3
34 43 10 4
34 44 10 5
34 45 10 6
34 46 10 3
34 47 10 4
34 48 10 5
35 39 10 4
35 40 10 5
35 41 10 6
35 42 10 3
35 43 10 4
35 44 10 5
35 45 10 6
35 46 10 3
35 47 10 4
35 48 10 5
36 39 10 4
36 40 10 5
36 41 10 6
36 42 10 3
36 43 10 4
36 44 10 5
36 45 10 6
36 46 10 3
36 47 10 4
36 48 10 5
37 39 10 4
37 40 10 5
37 41 10 6
37 42 10 3
37 43 10 4
37 44 10 5
37 45 10 6
37 46 10 3
37 47 10 4
37 48 10 5
38 39 10 4
38 40 10 5
38 41 10 6
38 42 10 3
38 43 10 4
38 44 10 5
38 45 10 6
38 46 10 3
38 47 10 4
38 48 10 5
39 49 10 5
39 50 10 6
39 51 10 7
39 52 10 4
39 53 10 5
39 54 10 6
39 55 10 7
39 56 10 4
39 57 10 5
39 58 10 6
40 49 10 5
40 50 10 6
40 51 10 7
40 52 10 4
40 53 10 5
40 54 10 6
40 55 10 7
40 56 10 4
40 57 10 5
40 58 10 6
41 49 10 5
41 50 10 6
41 51 10 7
41 52 10 4
41 53 10 5
41 54 10 6
41 55 10 7
41 56 10 4
41 57 10 5
41 58 10 6
42 49 10 5
42 50 10 6
42 51 10 7
42 52 10 4
42 53 10 5
42 54 10 6
42 55 10 7
42 56 10 4
42 57 10 5
42 58 10 6
43 49 10 5
43 50 10 6
43 51 10 7
43 52 10 4
43 53 10 5
43 54 10 6
43 55 10 7
43 56 10 4
43 57 10 5
43 58 10 6
44 49 10 5
44 50 10 6
44 51 10 7
44 52 10 4
44 53 10 5
44 54 10 6
44 55 10 7
44 56 10 4
44 57 10 5
44 58 10 6
45 49 10 5
45 50 10 6
45 51 10 7
45 52 10 4
45 53 10 5
45 54 10 6
45 55 10 7
45 56 10 4
45 57 10 5
45 58 10 6
46 49 10 5
46 50 10 6
46 51 10 7
46 52 10 4
46 53 10 5
46 54 10 6
46 55 10 7
46 56 10 4
46 57 10 5
46 58 10 6
47 49 10 5
47 50 10 6
47 51 10 7
47 52 10 4
47 53 10 5
47 54 10 6
47 55 10 7
47 56 10 4
47 57 10 5
47 58 10 6
48 49 10 5
48 50 10 6
48 51 10 7
48 52 10 4
48 53 10 5
48 54 10 6
48 55 10 7
48 56 10 4
48 57 10 5
48 58 10 6
49 59 10 6
49 60 10 7
49 61 10 8
49 62 10 5
49 63 10 6
49 64 10 7
49 65 10 8
49 66 10 5
49 67 10 6
49 68 10 7
50 59 10 6
50 60 10 7
50 61 10 8
50 62 10 5
50 63 10 6
50 64 10 7
50 65 10 8
50 66 10 5
50 67 10 6
50 68 10 7
51 59 10 6
51 60 10 7
51 61 10 8
51 62 10 5
51 63 10 6
51 64 10 7
51 65 10 8
51 66 10 5
51 67 10 6
51 68 10 7
52 59 10 6
52 60 10 7
52 61 10 8
52 62 10 5
52 63 10 6
52 64 10 7
52 65 10 8
52 66 10 5
52 67 10 6
52 68 10 7
53 59 10 6
53 60 10 7
53 61 10 8
53 62 10 5
53 63 10 6
53 64 10 7
53 65 10 8
53 66 10 5
53 67 10 6
53 68 10 7
54 59 10 6
54 60 10 7
54 61 10 8
54 62 10 5
54 63 10 6
54 64 10 7
54 65 10 8
54 66 10 5
54 67 10 6
54 68 10 7
55 59 10 6
55 60 10 7
55 61 10 8
55 62 10 5
55 63 10 6
55 64 10 7
55 65 10 8
55 66 10 5
55 67 10 6
55 68 10 7
56 59 10 6
56 60 10 7
56 61 10 8
56 62 10 5
56 63 10 6
56 64 10 7
56 65 10 8
56 66 10 5
56 67 10 6
56 68 10 7
57 59 10 6
57 60 10 7
57 61 10 8
57 62 10 5
57 63 10 6
57 64 10 7
57 65 10 8
57 66 10 5
57 67 10 6
57 68 10 7
58 59 10 6
58 60 10 7
58 61 10 8
58 62 10 5
58 63 10 6
58 64 10 7
58 65 10 8
58 66 10 5
58 67 10 6
58 68 10 7
59 69 10 7
59 70 10 8
59 71 10 1
59 72 10 6
59 73 10 7
59 74 10 8
59 75 10 1
59 76 10 6
59 77 10 7
59 78 10 8
60 69 10 7
60 70 10 8
60 71 10 1
60 72 10 6
60 73 10 7
60 74 10 8
60 75 10 1
60 76 10 6
60 77 10 7
60 78 10 8
61 69 10 7
61 70 10 8
61 71 10 1
61 72 10 6
61 73 10 7
61 74 10 8
61 75 10 1
61 76 10 6
61 77 10 7
61 78 10 8
62 69 10 7
62 70 10 8
62 71 10 1
62 72 10 6
62 73 10 7
62 74 10 8
62 75 10 1
62 76 10 6
62 77 10 7
62 78 10 8
63 69 10 7
63 70 10 8
63 71 10 1
63 72 10 6
63 73 10 7
63 74 10 8
63 75 10 1
63 76 10 6
63 77 10 7
63 78 10 8
64 69 10 7
64 70 10 8
64 71 10 1
64 72 10 6
64 73 10 7
64 74 10 8
64 75 10 1
64 76 10 6
64 77 10 7
64 78 10 8
65 69 10 7
65 70 10 8
65 71 10 1
65 72 10 6
65 73 10 7
65 74 10 8
65 75 10 1
65 76 10 6
65 77 10 7
65 78 10 8
66 69 10 7
66 70 10 8
66 71 10 1
66 72 10 6
66 73 10 7
66 74 10 8
66 75 10 1
66 76 10 6
66 77 10 7
66 78 10 8
67 69 10 7
67 70 10 8
67 71 10 1
67 72 10 6
67 73 10 7
67 74 10 8
67 75 10 1
67 76 10 6
67 77 10 7
67 78 10 8
68 69 10 7
68 70 10 8
68 71 10 1
68 72 10 6
68 73 10 7
68 74 10 8
68 75 10 1
68 76 10 6
68 77 10 7
68 78 10 8
69 79 10 8
69 80 10 1
69 81 10 2
69 82 10 7
69 83 10 8
69 84 10 1
69 85 10 2
69 86 10 7
69 87 10 8
69 88 10 1
70 79 10 8
70 80 10 1
70 81 10 2
70 82 10 7
70 83 10 8
70 84 10 1
70 85 10 2
70 86 10 7
70 87 10 8
70 88 10 1
71 79 10 8
71 80 10 1
71 81 10 2
71 82 10 7
71 83 10 8
71 84 10 1
71 85 10 2
71 86 10 7
71 87 10 8
71 88 10 1
72 79 10 8
72 80 10 1
72 81 10 2
72 82 10 7
72 83 10 8
72 84 10 1
72 85 10 2
72 86 10 7
72 87 10 8
72 88 10 1
73 79 10 8
73 80 10 1
73 81 10 2
73 82 10 7
73 83 10 8
73 84 10 1
73 85 10 2
73 86 10 7
73 87 10 8
73 88 10 1
74 79 10 8
74 80 10 1
74 81 10 2
74 82 10 7
74 83 10 8
74 84 10 1
74 85 10 2
74 86 10 7
74 87 10 8
74 88 10 1
75 79 10 8
75 80 10 1
75 81 10 2
75 82 10 7
75 83 10 8
75 84 10 1
75 85 10 2
75 86 10 7
75 87 10 8
75 88 10 1
76 79 10 8
76 80 10 1
76 81 10 2
76 82 10 7
76 83 10 8
76 84 10 1
76 85 10 2
76 86 10 7
76 87 10 8
76 88 10 1
77 79 10 8
77 80 10 1
77 81 10 2
77 82 10 7
77 83 10 8
77 84 10 1
77 85 10 2
77 86 10 7
77 87 10 8
77 88 10 1
78 79 10 8
78 80 10 1
78 81 10 2
78 82 10 7
78 83 10 8
78 84 10 1
78 85 10 2
78 86 10 7
78 87 10 8
78 88 10 1
79 89 10 1
79 90 10 2
79 91 10 3
79 92 10 8
79 93 10 1
79 94 10 2
79 95 10 3
79 96 10 8
79 97 10 1
79 98 10 2
80 89 10 1
80 90 10 2
80 91 10 3
80 92 10 8
80 93 10 1
80 94 10 2
80 95 10 3
80 96 10 8
80 97 10 1
80 98 10 2
81 89 10 1
81 90 10 2
81 91 10 3
81 92 10 8
81 93 10 1
81 94 10 2
81 95 10 3
81 96 10 8
81 97 10 1
81 98 10 2
82 89 10 1
82 90 10 2
82 91 10 3
82 92 10 8
82 93 10 1
82 94 10 2
82 95 10 3
82 96 10 8
82 97 10 1
82 98 10 2
83 89 10 1
83 90 10 2
83 91 10 3
83 92 10 8
83 93 10 1
83 94 10 2
83 95 10 3
83 96 10 8
83 97 10 1
83 98 10 2
84 89 10 1
84 90 10 2
84 91 10 3
84 92 10 8
84 93 10 1
84 94 10 2
84 95 10 3
84 96 10 8
84 97 10 1
84 98 10 2
85 89 10 1
85 90 10 2
85 91 10 3
85 92 10 8
85 93 10 1
85 94 10 2
85 95 10 3
85 96 10 8
85 97 10 1
85 98 10 2
86 89 10 1
86 90 10 2
86 91 10 3
86 92 10 8
86 93 10 1
86 94 10 2
86 95 10 3
86 96 10 8
86 97 10 1
86 98 10 2
87 89 10 1
87 90 10 2
87 91 10 3
87 92 10 8
87 93 10 1
87 94 10 2
87 95 10 3
87 96 10 8
87 97 10 1
87 98 10 2
88 89 10 1
88 90 10 2
88 91 10 3
88 92 10 8
88 93 10 1
88 94 10 2
88 95 10 3
88 96 10 8
88 97 10 1
88 98 10 2
89 99 10 2
89 100 10 3
89 101 10 4
89 102 10 1
89 103 10 2
89 104 10 3
89 105 10 4
89 106 10 1
89 107 10 2
89 108 10 3
90 99 10 2
90 100 10 3
90 101 10 4
90 102 10 1
90 103 10 2
90 104 10 3
90 105 10 4
90 106 10 1
90 107 10 2
90 108 10 3
91 99 10 2
91 100 10 3
91 101 10 4
91 102 10 1
91 103 10 2
91 104 10 3
91 105 10 4
91 106 10 1
91 107 10 2
91 108 10 3
92 99 10 2
92 100 10 3
92 101 10 4
92 102 10 1
92 103 10 2
92 104 10 3
92 105 10 4
92 106 10 1
92 107 10 2
92 108 10 3
93 99 10 2
93 100 10 3
93 101 10 4
93 102 10 1
93 103 10 2
93 104 10 3
93 105 10 4
93 106 10 1
93 107 10 2
93 108 10 3
94 99 10 2
94 100 10 3
94 101 10 4
94 102 10 1
94 103 10 2
94 104 10 3
94 105 10 4
94 106 10 1
94 107 10 2
94 108 10 3
95 99 10 2
95 100 10 3
95 101 10 4
95 102 10 1
95 103 10 2
95 104 10 3
95 105 10 4
95 106 10 1
95 107 10 2
95 108 10 3
96 99 10 2
96 100 10 3
96 101 10 4
96 102 10 1
96 103 10 2
96 104 10 3
96 105 10 4
96 106 10 1
96 107 10 2
96 108 10 3
97 99 10 2
97 100 10 3
97 101 10 4
97 102 10 1
97 103 10 2
97 104 10 3
97 105 10 4
97 106 10 1
97 107 10 2
97 108 10 3
98 99 10 2
98 100 10 3
98 101 10 4
98 102 10 1
98 103 10 2
98 104 10 3
98 105 10 4
98 106 10 1
98 107 10 2
98 108 10 3
99 109 10 3
99 110 10 4
99 111 10 5
99 112 10 2
99 113 10 3
99 114 10 4
99 115 10 5
99 116 10 2
99 117 10 3
99 118 10 4
100 109 10 3
100 110 10 4
100 111 10 5
100 112 10 2
100 113 10 3
100 114 10 4
100 115 10 5
100 116 10 2
100 117 10 3
100 118 10 4
101 109 10 3
101 110 10 4
101 111 10 5
101 112 10 2
101 113 10 3
101 114 10 4
101 115 10 5
101 116 10 2
101 117 10 3
101 118 10 4
102 109 10 3
102 110 10 4
102 111 10 5
102 112 10 2
102 113 10 3
102 114 10 4
102 115 10 5
102 116 10 2
102 117 10 3
102 118 10 4
103 109 10 3
103 110 10 4
103 111 10 5
103 112 10 2
103 113 10 3
103 114 10 4
103 115 10 5
103 116 10 2
103 117 10 3
103 118 10 4
104 109 10 3
104 110 10 4
104 111 10 5
104 112 10 2
104 113 10 3
104 114 10 4
104 115 10 5
104 116 10 2
104 117 10 3
104 118 10 4
105 109 10 3
105 110 10 4
105 111 10 5
105 112 10 2
105 113 10 3
105 114 10 4
105 115 10 5
105 116 10 2
105 117 10 3
105 118 10 4
106 109 10 3
106 110 10 4
106 111 10 5
106 112 10 2
106 113 10 3
106 114 10 4
106 115 10 5
106 116 10 2
106 117 10 3
106 118 10 4
107 109 10 3
107 110 10 4
107 111 10 5
107 112 10 2
107 113 10 3
107 114 10 4
107 115 10 5
107 116 10 2
107 117 10 3
107 118 10 4
108 109 10 3
108 110 10 4
108 111 10 5
108 112 10 2
108 113 10 3
108 114 10 4
108 115 10 5
108 116 10 2
108 117 10 3
108 118 10 4
109 119 10 4
109 120 10 5
109 121 10 6
109 122 10 3
109 123 10 4
109 124 10 5
109 125 10 6
109 126 10 3
109 127 10 4
109 128 10 5
110 119 10 4
110 120 10 5
110 121 10 6
110 122 10 3
110 123 10 4
110 124 10 5
110 125 10 6
110 126 10 3
110 127 10 4
110 128 10 5
111 119 10 4
111 120 10 5
111 121 10 6
111 122 10 3
111 123 10 4
111 124 10 5
111 125 10 6
111 126 10 3
111 127 10 4
111 128 10 5
112 119 10 4
112 120 10 5
112 121 10 6
112 122 10 3
112 123 10 4
112 124 10 5
112 125 10 6
112 126 10 3
112 127 10 4
112 128 10 5
113 119 10 4
113 120 10 5
113 121 10 6
113 122 10 3
113 123 10 4
113 124 10 5
113 125 10 6
113 126 10 3
113 127 10 4
113 128 10 5
114 119 10 4
114 120 10 5
114 121 10 6
114 122 10 3
114 123 10 4
114 124 10 5
114 125 10 6
114 126 10 3
114 127 10 4
114 128 10 5
115 119 10 4
115 120 10 5
115 121 10 6
115 122 10 3
115 123 10 4
115 124 10 5
115 125 10 6
115 126 10 3
115 127 10 4
115 128 10 5
116 119 10 4
116 120 10 5
116 121 10 6
116 122 10 3
116 123 10 4
116 124 10 5
116 125 10 6
116 126 10 3
116 127 10 4
116 128 10 5
117 119 10 4
117 120 10 5
117 121 10 6
117 122 10 3
117 123 10 4
117 124 10 5
117 125 10 6
117 126 10 3
117 127 10 4
117 128 10 5
118 119 10 4
118 120 10 5
118 121 10 6
118 122 10 3
118 123 10 4
118 124 10 5
118 125 10 6
118 126 10 3
118 127 10 4
118 128 10 5
119 129 10 5
119 130 10 6
119 131 10 7
119 132 10 4
119 133 10 5
119 134 10 6
119 135 10 7
119 136 10 4
119 137 10 5
119 138 10 6
120 129 10 5
120 130 10 6
120 131 10 7
120 132 10 4
120 133 10 5
120 134 10 6
120 135 10 7
120 136 10 4
120 137 10 5
120 138 10 6
121 129 10 5
121 130 10 6
121 131 10 7
121 132 10 4
121 133 10 5
121 134 10 6
121 135 10 7
121 136 10 4
121 137 10 5
121 138 10 6
122 129 10 5
122 130 10 6
122 131 10 7
122 132 10 4
122 133 10 5
122 134 10 6
122 135 10 7
122 136 10 4
122 137 10 5
122 138 10 6
123 129 10 5
123 130 10 6
123 131 10 7
123 132 10 4
123 133 10 5
123 134 10 6
123 135 10 7
123 136 10 4
123 137 10 5
123 138 10 6
124 129 10 5
124 130 10 6
124 131 10 7
124 132 10 4
124 133 10 5
124 134 10 6
124 135 10 7
124 136 10 4
124 137 10 5
124 138 10 6
125 129 10 5
125 130 10 6
125 131 10 7
125 132 10 4
125 133 10 5
125 134 10 6
125 135 10 7
125 136 10 4
125 137 10 5
125 138 10 6
126 129 10 5
126 130 10 6
126 131 10 7
126 132 10 4
126 133 10 5
126 134 10 6
126 135 10 7
126 136 10 4
126 137 10 5
126 138 10 6
127 129 10 5
127 130 10 6
127 131 10 7
127 132 10 4
127 133 10 5
127 134 10 6
127 135 10 7
127 136 10 4
127 137 10 5
127 138 10 6
128 129 10 5
128 130 10 6
128 131 10 7
128 132 10 4
128 133 10 5
128 134 10 6
128 135 10 7
128 136 10 4
128 137 10 5
128 138 10 6
129 139 10 6
129 140 10 7
129 141 10 8
129 142 10 5
129 143 10 6
129 144 10 7
129 145 10 8
129 146 10 5
129 147 10 6
129 148 10 7
130 139 10 6
130 140 10 7
130 141 10 8
130 142 10 5
130 143 10 6
130 144 10 7
130 145 10 8
130 146 10 5
130 147 10 6
130 148 10 7
131 139 10 6
131 140 10 7
131 141 10 8
131 142 10 5
131 143 10 6
131 144 10 7
131 145 10 8
131 146 10 5
131 147 10 6
131 148 10 7
132 139 10 6
132 140 10 7
132 141 10 8
132 142 10 5
132 143 10 6
132 144 10 7
132 145 10 8
132 146 10 5
132 147 10 6
132 148 10 7
133 139 10 6
133 140 10 7
133 141 10 8
133 142 10 5
133 143 10 6
133 144 10 7
133 145 10 8
133 146 10 5
133 147 10 6
133 148 10 7
134 139 10 6
134 140 10 7
134 141 10 8
134 142 10 5
134 143 10 6
134 144 10 7
134 145 10 8
134 146 10 5
134 147 10 6
134 148 10 7
135 139 10 6
135 140 10 7
135 141 10 8
135 142 10 5
135 143 10 6
135 144 10 7
135 145 10 8
135 146 10 5
135 147 10 6
135 148 10 7
136 139 10 6
136 140 10 7
136 141 10 8
136 142 10 5
136 143 10 6
136 144 10 7
136 145 10 8
136 146 10 5
136 147 10 6
136 148 10 7
137 139 10 6
137 140 10 7
137 141 10 8
137 142 10 5
137 143 10 6
137 144 10 7
137 145 10 8
137 146 10 5
137 147 10 6
137 148 10 7
138 139 10 6
138 140 10 7
138 141 10 8
138 142 10 5
138 143 10 6
138 144 10 7
138 145 10 8
138 146 10 5
138 147 10 6
138 148 10 7
139 149 10 7
139 150 10 8
139 151 10 1
139 152 10 6
139 153 10 7
139 154 10 8
139 155 10 1
139 156 10 6
139 157 10 7
139 158 10 8
140 149 10 7
140 150 10 8
140 151 10 1
140 152 10 6
140 153 10 7
140 154 10 8
140 155 10 1
140 156 10 6
140 157 10 7
140 158 10 8
141 149 10 7
141 150 10 8
141 151 10 1
141 152 10 6
141 153 10 7
141 154 10 8
141 155 10 1
141 156 10 6
141 157 10 7
141 158 10 8
142 149 10 7
142 150 10 8
142 151 10 1
142 152 10 6
142 153 10 7
142 154 10 8
142 155 10 1
142 156 10 6
142 157 10 7
142 158 10 8
143 149 10 7
143 150 10 8
143 151 10 1
143 152 10 6
143 153 10 7
143 154 10 8
143 155 10 1
143 156 10 6
143 157 10 7
143 158 10 8
144 149 10 7
144 150 10 8
144 151 10 1
144 152 10 6
144 153 10 7
144 154 10 8
144 155 10 1
144 156 10 6
144 157 10 7
144 158 10 8
145 149 10 7
145 150 10 8
145 151 10 1
145 152 10 6
145 153 10 7
145 154 10 8
145 155 10 1
145 156 10 6
145 157 10 7
145 158 10 8
146 149 10 7
146 150 10 8
146 151 10 1
146 152 10 6
146 153 10 7
146 154 10 8
146 155 10 1
146 156 10 6
146 157 10 7
146 158 10 8
147 149 10 7
147 150 10 8
147 151 10 1
147 152 10 6
147 153 10 7
147 154 10 8
147 155 10 1
147 156 10 6
147 157 10 7
147 158 10 8
148 149 10 7
148 150 10 8
148 151 10 1
148 152 10 6
148 153 10 7
148 154 10 8
148 155 10 1
148 156 10 6
148 157 10 7
148 158 10 8
149 159 10 8
149 160 10 1
149 161 10 2
149 162 10 7
149 163 10 8
149 164 10 1
149 165 10 2
149 166 10 7
149 167 10 8
149 168 10 1
150 159 10 8
150 160 10 1
150 161 10 2
150 162 10 7
150 163 10 8
150 164 10 1
150 165 10 2
150 166 10 7
150 167 10 8
150 168 10 1
151 159 10 8
151 160 10 1
151 161 10 2
151 162 10 7
151 163 10 8
151 164 10 1
151 165 10 2
151 166 10 7
151 167 10 8
151 168 10 1
152 159 10 8
152 160 10 1
152 161 10 2
152 162 10 7
152 163 10 8
152 164 10 1
152 165 10 2
152 166 10 7
152 167 10 8
152 168 10 1
153 159 10 8
153 160 10 1
153 161 10 2
153 162 10 7
153 163 10 8
153 164 10 1
153 165 10 2
153 166 10 7
153 167 10 8
153 168 10 1
154 159 10 8
154 160 10 1
154 161 10 2
154 162 10 7
154 163 10 8
154 164 10 1
154 165 10 2
154 166 10 7
154 167 10 8
154 168 10 1
155 159 10 8
155 160 10 1
155 161 10 2
155 162 10 7
155 163 10 8
155 164 10 1
155 165 10 2
155 166 10 7
155 167 10 8
155 168 10 1
156 159 10 8
156 160 10 1
156 161 10 2
156 162 10 7
156 163 10 8
156 164 10 1
156 165 10 2
156 166 10 7
156 167 10 8
156 168 10 1
157 159 10 8
157 160 10 1
157 161 10 2
157 162 10 7
157 163 10 8
157 164 10 1
157 165 10 2
157 166 10 7
157 167 10 8
157 168 10 1
158 159 10 8
158 160 10 1
158 161 10 2
158 162 10 7
158 163 10 8
158 164 10 1
158 165 10 2
158 166 10 7
158 167 10 8
158 168 10 1
159 2 10 1
160 2 10 1
161 2 10 1
162 2 10 1
163 2 10 1
164 2 10 1
165 2 10 1
166 2 10 1
167 2 10 1
168 2 10 1
