323 4327 1 2 6 999
1 3 500 999
3 4 500 999
4 5 500 999
5 6 500 999
6 7 500 999
7 8 500 999
8 9 500 999
9 10 500 999
10 11 500 999
11 12 500 999
12 13 500 999
13 14 500 999
14 15 500 999
15 16 500 999
16 17 500 999
17 18 500 999
18 19 500 999
19 20 500 999
20 21 500 999
21 22 500 999
22 23 500 999
23 2 500 999
1 24 10 2
1 25 10 3
1 26 10 4
1 27 10 5
1 28 10 6
1 29 10 1
1 30 10 2
1 31 10 3
1 32 10 4
1 33 10 5
1 34 10 6
1 35 10 1
1 36 10 2
1 37 10 3
1 38 10 4
24 39 10 3
24 40 10 4
24 41 10 5
24 42 10 6
24 43 10 7
24 44 10 2
24 45 10 3
24 46 10 4
24 47 10 5
24 48 10 6
24 49 10 7
24 50 10 2
24 51 10 3
24 52 10 4
24 53 10 5
25 39 10 3
25 40 10 4
25 41 10 5
25 42 10 6
25 43 10 7
25 44 10 2
25 45 10 3
25 46 10 4
25 47 10 5
25 48 10 6
25 49 10 7
25 50 10 2
25 51 10 3
25 52 10 4
25 53 10 5
26 39 10 3
26 40 10 4
26 41 10 5
26 42 10 6
26 43 10 7
26 44 10 2
26 45 10 3
26 46 10 4
26 47 10 5
26 48 10 6
26 49 10 7
26 50 10 2
26 51 10 3
26 52 10 4
26 53 10 5
27 39 10 3
27 40 10 4
27 41 10 5
27 42 10 6
27 43 10 7
27 44 10 2
27 45 10 3
27 46 10 4
27 47 10 5
27 48 10 6
27 49 10 7
27 50 10 2
27 51 10 3
27 52 10 4
27 53 10 5
28 39 10 3
28 40 10 4
28 41 10 5
28 42 10 6
28 43 10 7
28 44 10 2
28 45 10 3
28 46 10 4
28 47 10 5
28 48 10 6
28 49 10 7
28 50 10 2
28 51 10 3
28 52 10 4
28 53 10 5
29 39 10 3
29 40 10 4
29 41 10 5
29 42 10 6
29 43 10 7
29 44 10 2
29 45 10 3
29 46 10 4
29 47 10 5
29 48 10 6
29 49 10 7
29 50 10 2
29 51 10 3
29 52 10 4
29 53 10 5
30 39 10 3
30 40 10 4
30 41 10 5
30 42 10 6
30 43 10 7
30 44 10 2
30 45 10 3
30 46 10 4
30 47 10 5
30 48 10 6
30 49 10 7
30 50 10 2
30 51 10 3
30 52 10 4
30 53 10 5
31 39 10 3
31 40 10 4
31 41 10 5
31 42 10 6
31 43 10 7
31 44 10 2
31 45 10 3
31 46 10 4
31 47 10 5
31 48 10 6
31 49 10 7
31 50 10 2
31 51 10 3
31 52 10 4
31 53 10 5
32 39 10 3
32 40 10 4
32 41 10 5
32 42 10 6
32 43 10 7
32 44 10 2
32 45 10 3
32 46 10 4
32 47 10 5
32 48 10 6
32 49 10 7
32 50 10 2
32 51 10 3
32 52 10 4
32 53 10 5
33 39 10 3
33 40 10 4
33 41 10 5
33 42 10 6
33 43 10 7
33 44 10 2
33 45 10 3
33 46 10 4
33 47 10 5
33 48 10 6
33 49 10 7
33 50 10 2
33 51 10 3
33 52 10 4
33 53 10 5
34 39 10 3
34 40 10 4
34 41 10 5
34 42 10 6
34 43 10 7
34 44 10 2
34 45 10 3
34 46 10 4
34 47 10 5
34 48 10 6
34 49 10 7
34 50 10 2
34 51 10 3
34 52 10 4
34 53 10 5
35 39 10 3
35 40 10 4
35 41 10 5
35 42 10 6
35 43 10 7
35 44 10 2
35 45 10 3
35 46 10 4
35 47 10 5
35 48 10 6
35 49 10 7
35 50 10 2
35 51 10 3
35 52 10 4
35 53 10 5
36 39 10 3
36 40 10 4
36 41 10 5
36 42 10 6
36 43 10 7
36 44 10 2
36 45 10 3
36 46 10 4
36 47 10 5
36 48 10 6
36 49 10 7
36 50 10 2
36 51 10 3
36 52 10 4
36 53 10 5
37 39 10 3
37 40 10 4
37 41 10 5
37 42 10 6
37 43 10 7
37 44 10 2
37 45 10 3
37 46 10 4
37 47 10 5
37 48 10 6
37 49 10 7
37 50 10 2
37 51 10 3
37 52 10 4
37 53 10 5
38 39 10 3
38 40 10 4
38 41 10 5
38 42 10 6
38 43 10 7
38 44 10 2
38 45 10 3
38 46 10 4
38 47 10 5
38 48 10 6
38 49 10 7
38 50 10 2
38 51 10 3
38 52 10 4
38 53 10 5
39 54 10 4
39 55 10 5
39 56 10 6
39 57 10 7
39 58 10 8
39 59 10 3
39 60 10 4
39 61 10 5
39 62 10 6
39 63 10 7
39 64 10 8
39 65 10 3
39 66 10 4
39 67 10 5
39 68 10 6
40 54 10 4
40 55 10 5
40 56 10 6
40 57 10 7
40 58 10 8
40 59 10 3
40 60 10 4
40 61 10 5
40 62 10 6
40 63 10 7
40 64 10 8
40 65 10 3
40 66 10 4
40 67 10 5
40 68 10 6
41 54 10 4
41 55 10 5
41 56 10 6
41 57 10 7
41 58 10 8
41 59 10 3
41 60 10 4
41 61 10 5
41 62 10 6
41 63 10 7
41 64 10 8
41 65 10 3
41 66 10 4
41 67 10 5
41 68 10 6
42 54 10 4
42 55 10 5
42 56 10 6
42 57 10 7
42 58 10 8
42 59 10 3
42 60 10 4
42 61 10 5
42 62 10 6
42 63 10 7
42 64 10 8
42 65 10 3
42 66 10 4
42 67 10 5
42 68 10 6
43 54 10 4
43 55 10 5
43 56 10 6
43 57 10 7
43 58 10 8
43 59 10 3
43 60 10 4
43 61 10 5
43 62 10 6
43 63 10 7
43 64 10 8
43 65 10 3
43 66 10 4
43 67 10 5
43 68 10 6
44 54 10 4
44 55 10 5
44 56 10 6
44 57 10 7
44 58 10 8
44 59 10 3
44 60 10 4
44 61 10 5
44 62 10 6
44 63 10 7
44 64 10 8
44 65 10 3
44 66 10 4
44 67 10 5
44 68 10 6
45 54 10 4
45 55 10 5
45 56 10 6
45 57 10 7
45 58 10 8
45 59 10 3
45 60 10 4
45 61 10 5
45 62 10 6
45 63 10 7
45 64 10 8
45 65 10 3
45 66 10 4
45 67 10 5
45 68 10 6
46 54 10 4
46 55 10 5
46 56 10 6
46 57 10 7
46 58 10 8
46 59 10 3
46 60 10 4
46 61 10 5
46 62 10 6
46 63 10 7
46 64 10 8
46 65 10 3
46 66 10 4
46 67 10 5
46 68 10 6
47 54 10 4
47 55 10 5
47 56 10 6
47 57 10 7
47 58 10 8
47 59 10 3
47 60 10 4
47 61 10 5
47 62 10 6
47 63 10 7
47 64 10 8
47 65 10 3
47 66 10 4
47 67 10 5
47 68 10 6
48 54 10 4
48 55 10 5
48 56 10 6
48 57 10 7
48 58 10 8
48 59 10 3
48 60 10 4
48 61 10 5
48 62 10 6
48 63 10 7
48 64 10 8
48 65 10 3
48 66 10 4
48 67 10 5
48 68 10 6
49 54 10 4
49 55 10 5
49 56 10 6
49 57 10 7
49 58 10 8
49 59 10 3
49 60 10 4
49 61 10 5
49 62 10 6
49 63 10 7
49 64 10 8
49 65 10 3
49 66 10 4
49 67 10 5
49 68 10 6
50 54 10 4
50 55 10 5
50 56 10 6
50 57 10 7
50 58 10 8
50 59 10 3
50 60 10 4
50 61 10 5
50 62 10 6
50 63 10 7
50 64 10 8
50 65 10 3
50 66 10 4
50 67 10 5
50 68 10 6
51 54 10 4
51 55 10 5
51 56 10 6
51 57 10 7
51 58 10 8
51 59 10 3
51 60 10 4
51 61 10 5
51 62 10 6
51 63 10 7
51 64 10 8
51 65 10 3
51 66 10 4
51 67 10 5
51 68 10 6
52 54 10 4
52 55 10 5
52 56 10 6
52 57 10 7
52 58 10 8
52 59 10 3
52 60 10 4
52 61 10 5
52 62 10 6
52 63 10 7
52 64 10 8
52 65 10 3
52 66 10 4
52 67 10 5
52 68 10 6
53 54 10 4
53 55 10 5
53 56 10 6
53 57 10 7
53 58 10 8
53 59 10 3
53 60 10 4
53 61 10 5
53 62 10 6
53 63 10 7
53 64 10 8
53 65 10 3
53 66 10 4
53 67 10 5
53 68 10 6
54 69 10 5
54 70 10 6
54 71 10 7
54 72 10 8
54 73 10 9
54 74 10 4
54 75 10 5
54 76 10 6
54 77 10 7
54 78 10 8
54 79 10 9
54 80 10 4
54 81 10 5
54 82 10 6
54 83 10 7
55 69 10 5
55 70 10 6
55 71 10 7
55 72 10 8
55 73 10 9
55 74 10 4
55 75 10 5
55 76 10 6
55 77 10 7
55 78 10 8
55 79 10 9
55 80 10 4
55 81 10 5
55 82 10 6
55 83 10 7
56 69 10 5
56 70 10 6
56 71 10 7
56 72 10 8
56 73 10 9
56 74 10 4
56 75 10 5
56 76 10 6
56 77 10 7
56 78 10 8
56 79 10 9
56 80 10 4
56 81 10 5
56 82 10 6
56 83 10 7
57 69 10 5
57 70 10 6
57 71 10 7
57 72 10 8
57 73 10 9
57 74 10 4
57 75 10 5
57 76 10 6
57 77 10 7
57 78 10 8
57 79 10 9
57 80 10 4
57 81 10 5
57 82 10 6
57 83 10 7
58 69 10 5
58 70 10 6
58 71 10 7
58 72 10 8
58 73 10 9
58 74 10 4
58 75 10 5
58 76 10 6
58 77 10 7
58 78 10 8
58 79 10 9
58 80 10 4
58 81 10 5
58 82 10 6
58 83 10 7
59 69 10 5
59 70 10 6
59 71 10 7
59 72 10 8
59 73 10 9
59 74 10 4
59 75 10 5
59 76 10 6
59 77 10 7
59 78 10 8
59 79 10 9
59 80 10 4
59 81 10 5
59 82 10 6
59 83 10 7
60 69 10 5
60 70 10 6
60 71 10 7
60 72 10 8
60 73 10 9
60 74 10 4
60 75 10 5
60 76 10 6
60 77 10 7
60 78 10 8
60 79 10 9
60 80 10 4
60 81 10 5
60 82 10 6
60 83 10 7
61 69 10 5
61 70 10 6
61 71 10 7
61 72 10 8
61 73 10 9
61 74 10 4
61 75 10 5
61 76 10 6
61 77 10 7
61 78 10 8
61 79 10 9
61 80 10 4
61 81 10 5
61 82 10 6
61 83 10 7
62 69 10 5
62 70 10 6
62 71 10 7
62 72 10 8
62 73 10 9
62 74 10 4
62 75 10 5
62 76 10 6
62 77 10 7
62 78 10 8
62 79 10 9
62 80 10 4
62 81 10 5
62 82 10 6
62 83 10 7
63 69 10 5
63 70 10 6
63 71 10 7
63 72 10 8
63 73 10 9
63 74 10 4
63 75 10 5
63 76 10 6
63 77 10 7
63 78 10 8
63 79 10 9
63 80 10 4
63 81 10 5
63 82 10 6
63 83 10 7
64 69 10 5
64 70 10 6
64 71 10 7
64 72 10 8
64 73 10 9
64 74 10 4
64 75 10 5
64 76 10 6
64 77 10 7
64 78 10 8
64 79 10 9
64 80 10 4
64 81 10 5
64 82 10 6
64 83 10 7
65 69 10 5
65 70 10 6
65 71 10 7
65 72 10 8
65 73 10 9
65 74 10 4
65 75 10 5
65 76 10 6
65 77 10 7
65 78 10 8
65 79 10 9
65 80 10 4
65 81 10 5
65 82 10 6
65 83 10 7
66 69 10 5
66 70 10 6
66 71 10 7
66 72 10 8
66 73 10 9
66 74 10 4
66 75 10 5
66 76 10 6
66 77 10 7
66 78 10 8
66 79 10 9
66 80 10 4
66 81 10 5
66 82 10 6
66 83 10 7
67 69 10 5
67 70 10 6
67 71 10 7
67 72 10 8
67 73 10 9
67 74 10 4
67 75 10 5
67 76 10 6
67 77 10 7
67 78 10 8
67 79 10 9
67 80 10 4
67 81 10 5
67 82 10 6
67 83 10 7
68 69 10 5
68 70 10 6
68 71 10 7
68 72 10 8
68 73 10 9
68 74 10 4
68 75 10 5
68 76 10 6
68 77 10 7
68 78 10 8
68 79 10 9
68 80 10 4
68 81 10 5
68 82 10 6
68 83 10 7
69 84 10 6
69 85 10 7
69 86 10 8
69 87 10 9
69 88 10 10
69 89 10 5
69 90 10 6
69 91 10 7
69 92 10 8
69 93 10 9
69 94 10 10
69 95 10 5
69 96 10 6
69 97 10 7
69 98 10 8
70 84 10 6
70 85 10 7
70 86 10 8
70 87 10 9
70 88 10 10
70 89 10 5
70 90 10 6
70 91 10 7
70 92 10 8
70 93 10 9
70 94 10 10
70 95 10 5
70 96 10 6
70 97 10 7
70 98 10 8
71 84 10 6
71 85 10 7
71 86 10 8
71 87 10 9
71 88 10 10
71 89 10 5
71 90 10 6
71 91 10 7
71 92 10 8
71 93 10 9
71 94 10 10
71 95 10 5
71 96 10 6
71 97 10 7
71 98 10 8
72 84 10 6
72 85 10 7
72 86 10 8
72 87 10 9
72 88 10 10
72 89 10 5
72 90 10 6
72 91 10 7
72 92 10 8
72 93 10 9
72 94 10 10
72 95 10 5
72 96 10 6
72 97 10 7
72 98 10 8
73 84 10 6
73 85 10 7
73 86 10 8
73 87 10 9
73 88 10 10
73 89 10 5
73 90 10 6
73 91 10 7
73 92 10 8
73 93 10 9
73 94 10 10
73 95 10 5
73 96 10 6
73 97 10 7
73 98 10 8
74 84 10 6
74 85 10 7
74 86 10 8
74 87 10 9
74 88 10 10
74 89 10 5
74 90 10 6
74 91 10 7
74 92 10 8
74 93 10 9
74 94 10 10
74 95 10 5
74 96 10 6
74 97 10 7
74 98 10 8
75 84 10 6
75 85 10 7
75 86 10 8
75 87 10 9
75 88 10 10
75 89 10 5
75 90 10 6
75 91 10 7
75 92 10 8
75 93 10 9
75 94 10 10
75 95 10 5
75 96 10 6
75 97 10 7
75 98 10 8
76 84 10 6
76 85 10 7
76 86 10 8
76 87 10 9
76 88 10 10
76 89 10 5
76 90 10 6
76 91 10 7
76 92 10 8
76 93 10 9
76 94 10 10
76 95 10 5
76 96 10 6
76 97 10 7
76 98 10 8
77 84 10 6
77 85 10 7
77 86 10 8
77 87 10 9
77 88 10 10
77 89 10 5
77 90 10 6
77 91 10 7
77 92 10 8
77 93 10 9
77 94 10 10
77 95 10 5
77 96 10 6
77 97 10 7
77 98 10 8
78 84 10 6
78 85 10 7
78 86 10 8
78 87 10 9
78 88 10 10
78 89 10 5
78 90 10 6
78 91 10 7
78 92 10 8
78 93 10 9
78 94 10 10
78 95 10 5
78 96 10 6
78 97 10 7
78 98 10 8
79 84 10 6
79 85 10 7
79 86 10 8
79 87 10 9
79 88 10 10
79 89 10 5
79 90 10 6
79 91 10 7
79 92 10 8
79 93 10 9
79 94 10 10
79 95 10 5
79 96 10 6
79 97 10 7
79 98 10 8
80 84 10 6
80 85 10 7
80 86 10 8
80 87 10 9
80 88 10 10
80 89 10 5
80 90 10 6
80 91 10 7
80 92 10 8
80 93 10 9
80 94 10 10
80 95 10 5
80 96 10 6
80 97 10 7
80 98 10 8
81 84 10 6
81 85 10 7
81 86 10 8
81 87 10 9
81 88 10 10
81 89 10 5
81 90 10 6
81 91 10 7
81 92 10 8
81 93 10 9
81 94 10 10
81 95 10 5
81 96 10 6
81 97 10 7
81 98 10 8
82 84 10 6
82 85 10 7
82 86 10 8
82 87 10 9
82 88 10 10
82 89 10 5
82 90 10 6
82 91 10 7
82 92 10 8
82 93 10 9
82 94 10 10
82 95 10 5
82 96 10 6
82 97 10 7
82 98 10 8
83 84 10 6
83 85 10 7
83 86 10 8
83 87 10 9
83 88 10 10
83 89 10 5
83 90 10 6
83 91 10 7
83 92 10 8
83 93 10 9
83 94 10 10
83 95 10 5
83 96 10 6
83 97 10 7
83 98 10 8
84 99 10 7
84 100 10 8
84 101 10 9
84 102 10 10
84 103 10 11
84 104 10 6
84 105 10 7
84 106 10 8
84 107 10 9
84 108 10 10
84 109 10 11
84 110 10 6
84 111 10 7
84 112 10 8
84 113 10 9
85 99 10 7
85 100 10 8
85 101 10 9
85 102 10 10
85 103 10 11
85 104 10 6
85 105 10 7
85 106 10 8
85 107 10 9
85 108 10 10
85 109 10 11
85 110 10 6
85 111 10 7
85 112 10 8
85 113 10 9
86 99 10 7
86 100 10 8
86 101 10 9
86 102 10 10
86 103 10 11
86 104 10 6
86 105 10 7
86 106 10 8
86 107 10 9
86 108 10 10
86 109 10 11
86 110 10 6
86 111 10 7
86 112 10 8
86 113 10 9
87 99 10 7
87 100 10 8
87 101 10 9
87 102 10 10
87 103 10 11
87 104 10 6
87 105 10 7
87 106 10 8
87 107 10 9
87 108 10 10
87 109 10 11
87 110 10 6
87 111 10 7
87 112 10 8
87 113 10 9
88 99 10 7
88 100 10 8
88 101 10 9
88 102 10 10
88 103 10 11
88 104 10 6
88 105 10 7
88 106 10 8
88 107 10 9
88 108 10 10
88 109 10 11
88 110 10 6
88 111 10 7
88 112 10 8
88 113 10 9
89 99 10 7
89 100 10 8
89 101 10 9
89 102 10 10
89 103 10 11
89 104 10 6
89 105 10 7
89 106 10 8
89 107 10 9
89 108 10 10
89 109 10 11
89 110 10 6
89 111 10 7
89 112 10 8
89 113 10 9
90 99 10 7
90 100 10 8
90 101 10 9
90 102 10 10
90 103 10 11
90 104 10 6
90 105 10 7
90 106 10 8
90 107 10 9
90 108 10 10
90 109 10 11
90 110 10 6
90 111 10 7
90 112 10 8
90 113 10 9
91 99 10 7
91 100 10 8
91 101 10 9
91 102 10 10
91 103 10 11
91 104 10 6
91 105 10 7
91 106 10 8
91 107 10 9
91 108 10 10
91 109 10 11
91 110 10 6
91 111 10 7
91 112 10 8
91 113 10 9
92 99 10 7
92 100 10 8
92 101 10 9
92 102 10 10
92 103 10 11
92 104 10 6
92 105 10 7
92 106 10 8
92 107 10 9
92 108 10 10
92 109 10 11
92 110 10 6
92 111 10 7
92 112 10 8
92 113 10 9
93 99 10 7
93 100 10 8
93 101 10 9
93 102 10 10
93 103 10 11
93 104 10 6
93 105 10 7
93 106 10 8
93 107 10 9
93 108 10 10
93 109 10 11
93 110 10 6
93 111 10 7
93 112 10 8
93 113 10 9
94 99 10 7
94 100 10 8
94 101 10 9
94 102 10 10
94 103 10 11
94 104 10 6
94 105 10 7
94 106 10 8
94 107 10 9
94 108 10 10
94 109 10 11
94 110 10 6
94 111 10 7
94 112 10 8
94 113 10 9
95 99 10 7
95 100 10 8
95 101 10 9
95 102 10 10
95 103 10 11
95 104 10 6
95 105 10 7
95 106 10 8
95 107 10 9
95 108 10 10
95 109 10 11
95 110 10 6
95 111 10 7
95 112 10 8
95 113 10 9
96 99 10 7
96 100 10 8
96 101 10 9
96 102 10 10
96 103 10 11
96 104 10 6
96 105 10 7
96 106 10 8
96 107 10 9
96 108 10 10
96 109 10 11
96 110 10 6
96 111 10 7
96 112 10 8
96 113 10 9
97 99 10 7
97 100 10 8
97 101 10 9
97 102 10 10
97 103 10 11
97 104 10 6
97 105 10 7
97 106 10 8
97 107 10 9
97 108 10 10
97 109 10 11
97 110 10 6
97 111 10 7
97 112 10 8
97 113 10 9
98 99 10 7
98 100 10 8
98 101 10 9
98 102 10 10
98 103 10 11
98 104 10 6
98 105 10 7
98 106 10 8
98 107 10 9
98 108 10 10
98 109 10 11
98 110 10 6
98 111 10 7
98 112 10 8
98 113 10 9
99 114 10 8
99 115 10 9
99 116 10 10
99 117 10 11
99 118 10 12
99 119 10 7
99 120 10 8
99 121 10 9
99 122 10 10
99 123 10 11
99 124 10 12
99 125 10 7
99 126 10 8
99 127 10 9
99 128 10 10
100 114 10 8
100 115 10 9
100 116 10 10
100 117 10 11
100 118 10 12
100 119 10 7
100 120 10 8
100 121 10 9
100 122 10 10
100 123 10 11
100 124 10 12
100 125 10 7
100 126 10 8
100 127 10 9
100 128 10 10
101 114 10 8
101 115 10 9
101 116 10 10
101 117 10 11
101 118 10 12
101 119 10 7
101 120 10 8
101 121 10 9
101 122 10 10
101 123 10 11
101 124 10 12
101 125 10 7
101 126 10 8
101 127 10 9
101 128 10 10
102 114 10 8
102 115 10 9
102 116 10 10
102 117 10 11
102 118 10 12
102 119 10 7
102 120 10 8
102 121 10 9
102 122 10 10
102 123 10 11
102 124 10 12
102 125 10 7
102 126 10 8
102 127 10 9
102 128 10 10
103 114 10 8
103 115 10 9
103 116 10 10
103 117 10 11
103 118 10 12
103 119 10 7
103 120 10 8
103 121 10 9
103 122 10 10
103 123 10 11
103 124 10 12
103 125 10 7
103 126 10 8
103 127 10 9
103 128 10 10
104 114 10 8
104 115 10 9
104 116 10 10
104 117 10 11
104 118 10 12
104 119 10 7
104 120 10 8
104 121 10 9
104 122 10 10
104 123 10 11
104 124 10 12
104 125 10 7
104 126 10 8
104 127 10 9
104 128 10 10
105 114 10 8
105 115 10 9
105 116 10 10
105 117 10 11
105 118 10 12
105 119 10 7
105 120 10 8
105 121 10 9
105 122 10 10
105 123 10 11
105 124 10 12
105 125 10 7
105 126 10 8
105 127 10 9
105 128 10 10
106 114 10 8
106 115 10 9
106 116 10 10
106 117 10 11
106 118 10 12
106 119 10 7
106 120 10 8
106 121 10 9
106 122 10 10
106 123 10 11
106 124 10 12
106 125 10 7
106 126 10 8
106 127 10 9
106 128 10 10
107 114 10 8
107 115 10 9
107 116 10 10
107 117 10 11
107 118 10 12
107 119 10 7
107 120 10 8
107 121 10 9
107 122 10 10
107 123 10 11
107 124 10 12
107 125 10 7
107 126 10 8
107 127 10 9
107 128 10 10
108 114 10 8
108 115 10 9
108 116 10 10
108 117 10 11
108 118 10 12
108 119 10 7
108 120 10 8
108 121 10 9
108 122 10 10
108 123 10 11
108 124 10 12
108 125 10 7
108 126 10 8
108 127 10 9
108 128 10 10
109 114 10 8
109 115 10 9
109 116 10 10
109 117 10 11
109 118 10 12
109 119 10 7
109 120 10 8
109 121 10 9
109 122 10 10
109 123 10 11
109 124 10 12
109 125 10 7
109 126 10 8
109 127 10 9
109 128 10 10
110 114 10 8
110 115 10 9
110 116 10 10
110 117 10 11
110 118 10 12
110 119 10 7
110 120 10 8
110 121 10 9
110 122 10 10
110 123 10 11
110 124 10 12
110 125 10 7
110 126 10 8
110 127 10 9
110 128 10 10
111 114 10 8
111 115 10 9
111 116 10 10
111 117 10 11
111 118 10 12
111 119 10 7
111 120 10 8
111 121 10 9
111 122 10 10
111 123 10 11
111 124 10 12
111 125 10 7
111 126 10 8
111 127 10 9
111 128 10 10
112 114 10 8
112 115 10 9
112 116 10 10
112 117 10 11
112 118 10 12
112 119 10 7
112 120 10 8
112 121 10 9
112 122 10 10
112 123 10 11
112 124 10 12
112 125 10 7
112 126 10 8
112 127 10 9
112 128 10 10
113 114 10 8
113 115 10 9
113 116 10 10
113 117 10 11
113 118 10 12
113 119 10 7
113 120 10 8
113 121 10 9
113 122 10 10
113 123 10 11
113 124 10 12
113 125 10 7
113 126 10 8
113 127 10 9
113 128 10 10
114 129 10 9
114 130 10 10
114 131 10 11
114 132 10 12
114 133 10 1
114 134 10 8
114 135 10 9
114 136 10 10
114 137 10 11
114 138 10 12
114 139 10 1
114 140 10 8
114 141 10 9
114 142 10 10
114 143 10 11
115 129 10 9
115 130 10 10
115 131 10 11
115 132 10 12
115 133 10 1
115 134 10 8
115 135 10 9
115 136 10 10
115 137 10 11
115 138 10 12
115 139 10 1
115 140 10 8
115 141 10 9
115 142 10 10
115 143 10 11
116 129 10 9
116 130 10 10
116 131 10 11
116 132 10 12
116 133 10 1
116 134 10 8
116 135 10 9
116 136 10 10
116 137 10 11
116 138 10 12
116 139 10 1
116 140 10 8
116 141 10 9
116 142 10 10
116 143 10 11
117 129 10 9
117 130 10 10
117 131 10 11
117 132 10 12
117 133 10 1
117 134 10 8
117 135 10 9
117 136 10 10
117 137 10 11
117 138 10 12
117 139 10 1
117 140 10 8
117 141 10 9
117 142 10 10
117 143 10 11
118 129 10 9
118 130 10 10
118 131 10 11
118 132 10 12
118 133 10 1
118 134 10 8
118 135 10 9
118 136 10 10
118 137 10 11
118 138 10 12
118 139 10 1
118 140 10 8
118 141 10 9
118 142 10 10
118 143 10 11
119 129 10 9
119 130 10 10
119 131 10 11
119 132 10 12
119 133 10 1
119 134 10 8
119 135 10 9
119 136 10 10
119 137 10 11
119 138 10 12
119 139 10 1
119 140 10 8
119 141 10 9
119 142 10 10
119 143 10 11
120 129 10 9
120 130 10 10
120 131 10 11
120 132 10 12
120 133 10 1
120 134 10 8
120 135 10 9
120 136 10 10
120 137 10 11
120 138 10 12
120 139 10 1
120 140 10 8
120 141 10 9
120 142 10 10
120 143 10 11
121 129 10 9
121 130 10 10
121 131 10 11
121 132 10 12
121 133 10 1
121 134 10 8
121 135 10 9
121 136 10 10
121 137 10 11
121 138 10 12
121 139 10 1
121 140 10 8
121 141 10 9
121 142 10 10
121 143 10 11
122 129 10 9
122 130 10 10
122 131 10 11
122 132 10 12
122 133 10 1
122 134 10 8
122 135 10 9
122 136 10 10
122 137 10 11
122 138 10 12
122 139 10 1
122 140 10 8
122 141 10 9
122 142 10 10
122 143 10 11
123 129 10 9
123 130 10 10
123 131 10 11
123 132 10 12
123 133 10 1
123 134 10 8
123 135 10 9
123 136 10 10
123 137 10 11
123 138 10 12
123 139 10 1
123 140 10 8
123 141 10 9
123 142 10 10
123 143 10 11
124 129 10 9
124 130 10 10
124 131 10 11
124 132 10 12
124 133 10 1
124 134 10 8
124 135 10 9
124 136 10 10
124 137 10 11
124 138 10 12
124 139 10 1
124 140 10 8
124 141 10 9
124 142 10 10
124 143 10 11
125 129 10 9
125 130 10 10
125 131 10 11
125 132 10 12
125 133 10 1
125 134 10 8
125 135 10 9
125 136 10 10
125 137 10 11
125 138 10 12
125 139 10 1
125 140 10 8
125 141 10 9
125 142 10 10
125 143 10 11
126 129 10 9
126 130 10 10
126 131 10 11
126 132 10 12
126 133 10 1
126 134 10 8
126 135 10 9
126 136 10 10
126 137 10 11
126 138 10 12
126 139 10 1
126 140 10 8
126 141 10 9
126 142 10 10
126 143 10 11
127 129 10 9
127 130 10 10
127 131 10 11
127 132 10 12
127 133 10 1
127 134 10 8
127 135 10 9
127 136 10 10
127 137 10 11
127 138 10 12
127 139 10 1
127 140 10 8
127 141 10 9
127 142 10 10
127 143 10 11
128 129 10 9
128 130 10 10
128 131 10 11
128 132 10 12
128 133 10 1
128 134 10 8
128 135 10 9
128 136 10 10
128 137 10 11
128 138 10 12
128 139 10 1
128 140 10 8
128 141 10 9
128 142 10 10
128 143 10 11
129 144 10 10
129 145 10 11
129 146 10 12
129 147 10 1
129 148 10 2
129 149 10 9
129 150 10 10
129 151 10 11
129 152 10 12
129 153 10 1
129 154 10 2
129 155 10 9
129 156 10 10
129 157 10 11
129 158 10 12
130 144 10 10
130 145 10 11
130 146 10 12
130 147 10 1
130 148 10 2
130 149 10 9
130 150 10 10
130 151 10 11
130 152 10 12
130 153 10 1
130 154 10 2
130 155 10 9
130 156 10 10
130 157 10 11
130 158 10 12
131 144 10 10
131 145 10 11
131 146 10 12
131 147 10 1
131 148 10 2
131 149 10 9
131 150 10 10
131 151 10 11
131 152 10 12
131 153 10 1
131 154 10 2
131 155 10 9
131 156 10 10
131 157 10 11
131 158 10 12
132 144 10 10
132 145 10 11
132 146 10 12
132 147 10 1
132 148 10 2
132 149 10 9
132 150 10 10
132 151 10 11
132 152 10 12
132 153 10 1
132 154 10 2
132 155 10 9
132 156 10 10
132 157 10 11
132 158 10 12
133 144 10 10
133 145 10 11
133 146 10 12
133 147 10 1
133 148 10 2
133 149 10 9
133 150 10 10
133 151 10 11
133 152 10 12
133 153 10 1
133 154 10 2
133 155 10 9
133 156 10 10
133 157 10 11
133 158 10 12
134 144 10 10
134 145 10 11
134 146 10 12
134 147 10 1
134 148 10 2
134 149 10 9
134 150 10 10
134 151 10 11
134 152 10 12
134 153 10 1
134 154 10 2
134 155 10 9
134 156 10 10
134 157 10 11
134 158 10 12
135 144 10 10
135 145 10 11
135 146 10 12
135 147 10 1
135 148 10 2
135 149 10 9
135 150 10 10
135 151 10 11
135 152 10 12
135 153 10 1
135 154 10 2
135 155 10 9
135 156 10 10
135 157 10 11
135 158 10 12
136 144 10 10
136 145 10 11
136 146 10 12
136 147 10 1
136 148 10 2
136 149 10 9
136 150 10 10
136 151 10 11
136 152 10 12
136 153 10 1
136 154 10 2
136 155 10 9
136 156 10 10
136 157 10 11
136 158 10 12
137 144 10 10
137 145 10 11
137 146 10 12
137 147 10 1
137 148 10 2
137 149 10 9
137 150 10 10
137 151 10 11
137 152 10 12
137 153 10 1
137 154 10 2
137 155 10 9
137 156 10 10
137 157 10 11
137 158 10 12
138 144 10 10
138 145 10 11
138 146 10 12
138 147 10 1
138 148 10 2
138 149 10 9
138 150 10 10
138 151 10 11
138 152 10 12
138 153 10 1
138 154 10 2
138 155 10 9
138 156 10 10
138 157 10 11
138 158 10 12
139 144 10 10
139 145 10 11
139 146 10 12
139 147 10 1
139 148 10 2
139 149 10 9
139 150 10 10
139 151 10 11
139 152 10 12
139 153 10 1
139 154 10 2
139 155 10 9
139 156 10 10
139 157 10 11
139 158 10 12
140 144 10 10
140 145 10 11
140 146 10 12
140 147 10 1
140 148 10 2
140 149 10 9
140 150 10 10
140 151 10 11
140 152 10 12
140 153 10 1
140 154 10 2
140 155 10 9
140 156 10 10
140 157 10 11
140 158 10 12
141 144 10 10
141 145 10 11
141 146 10 12
141 147 10 1
141 148 10 2
141 149 10 9
141 150 10 10
141 151 10 11
141 152 10 12
141 153 10 1
141 154 10 2
141 155 10 9
141 156 10 10
141 157 10 11
141 158 10 12
142 144 10 10
142 145 10 11
142 146 10 12
142 147 10 1
142 148 10 2
142 149 10 9
142 150 10 10
142 151 10 11
142 152 10 12
142 153 10 1
142 154 10 2
142 155 10 9
142 156 10 10
142 157 10 11
142 158 10 12
143 144 10 10
143 145 10 11
143 146 10 12
143 147 10 1
143 148 10 2
143 149 10 9
143 150 10 10
143 151 10 11
143 152 10 12
143 153 10 1
143 154 10 2
143 155 10 9
143 156 10 10
143 157 10 11
143 158 10 12
144 159 10 11
144 160 10 12
144 161 10 1
144 162 10 2
144 163 10 3
144 164 10 10
144 165 10 11
144 166 10 12
144 167 10 1
144 168 10 2
144 169 10 3
144 170 10 10
144 171 10 11
144 172 10 12
144 173 10 1
145 159 10 11
145 160 10 12
145 161 10 1
145 162 10 2
145 163 10 3
145 164 10 10
145 165 10 11
145 166 10 12
145 167 10 1
145 168 10 2
145 169 10 3
145 170 10 10
145 171 10 11
145 172 10 12
145 173 10 1
146 159 10 11
146 160 10 12
146 161 10 1
146 162 10 2
146 163 10 3
146 164 10 10
146 165 10 11
146 166 10 12
146 167 10 1
146 168 10 2
146 169 10 3
146 170 10 10
146 171 10 11
146 172 10 12
146 173 10 1
147 159 10 11
147 160 10 12
147 161 10 1
147 162 10 2
147 163 10 3
147 164 10 10
147 165 10 11
147 166 10 12
147 167 10 1
147 168 10 2
147 169 10 3
147 170 10 10
147 171 10 11
147 172 10 12
147 173 10 1
148 159 10 11
148 160 10 12
148 161 10 1
148 162 10 2
148 163 10 3
148 164 10 10
148 165 10 11
148 166 10 12
148 167 10 1
148 168 10 2
148 169 10 3
148 170 10 10
148 171 10 11
148 172 10 12
148 173 10 1
149 159 10 11
149 160 10 12
149 161 10 1
149 162 10 2
149 163 10 3
149 164 10 10
149 165 10 11
149 166 10 12
149 167 10 1
149 168 10 2
149 169 10 3
149 170 10 10
149 171 10 11
149 172 10 12
149 173 10 1
150 159 10 11
150 160 10 12
150 161 10 1
150 162 10 2
150 163 10 3
150 164 10 10
150 165 10 11
150 166 10 12
150 167 10 1
150 168 10 2
150 169 10 3
150 170 10 10
150 171 10 11
150 172 10 12
150 173 10 1
151 159 10 11
151 160 10 12
151 161 10 1
151 162 10 2
151 163 10 3
151 164 10 10
151 165 10 11
151 166 10 12
151 167 10 1
151 168 10 2
151 169 10 3
151 170 10 10
151 171 10 11
151 172 10 12
151 173 10 1
152 159 10 11
152 160 10 12
152 161 10 1
152 162 10 2
152 163 10 3
152 164 10 10
152 165 10 11
152 166 10 12
152 167 10 1
152 168 10 2
152 169 10 3
152 170 10 10
152 171 10 11
152 172 10 12
152 173 10 1
153 159 10 11
153 160 10 12
153 161 10 1
153 162 10 2
153 163 10 3
153 164 10 10
153 165 10 11
153 166 10 12
153 167 10 1
153 168 10 2
153 169 10 3
153 170 10 10
153 171 10 11
153 172 10 12
153 173 10 1
154 159 10 11
154 160 10 12
154 161 10 1
154 162 10 2
154 163 10 3
154 164 10 10
154 165 10 11
154 166 10 12
154 167 10 1
154 168 10 2
154 169 10 3
154 170 10 10
154 171 10 11
154 172 10 12
154 173 10 1
155 159 10 11
155 160 10 12
155 161 10 1
155 162 10 2
155 163 10 3
155 164 10 10
155 165 10 11
155 166 10 12
155 167 10 1
155 168 10 2
155 169 10 3
155 170 10 10
155 171 10 11
155 172 10 12
155 173 10 1
156 159 10 11
156 160 10 12
156 161 10 1
156 162 10 2
156 163 10 3
156 164 10 10
156 165 10 11
156 166 10 12
156 167 10 1
156 168 10 2
156 169 10 3
156 170 10 10
156 171 10 11
156 172 10 12
156 173 10 1
157 159 10 11
157 160 10 12
157 161 10 1
157 162 10 2
157 163 10 3
157 164 10 10
157 165 10 11
157 166 10 12
157 167 10 1
157 168 10 2
157 169 10 3
157 170 10 10
157 171 10 11
157 172 10 12
157 173 10 1
158 159 10 11
158 160 10 12
158 161 10 1
158 162 10 2
158 163 10 3
158 164 10 10
158 165 10 11
158 166 10 12
158 167 10 1
158 168 10 2
158 169 10 3
158 170 10 10
158 171 10 11
158 172 10 12
158 173 10 1
159 174 10 12
159 175 10 1
159 176 10 2
159 177 10 3
159 178 10 4
159 179 10 11
159 180 10 12
159 181 10 1
159 182 10 2
159 183 10 3
159 184 10 4
159 185 10 11
159 186 10 12
159 187 10 1
159 188 10 2
160 174 10 12
160 175 10 1
160 176 10 2
160 177 10 3
160 178 10 4
160 179 10 11
160 180 10 12
160 181 10 1
160 182 10 2
160 183 10 3
160 184 10 4
160 185 10 11
160 186 10 12
160 187 10 1
160 188 10 2
161 174 10 12
161 175 10 1
161 176 10 2
161 177 10 3
161 178 10 4
161 179 10 11
161 180 10 12
161 181 10 1
161 182 10 2
161 183 10 3
161 184 10 4
161 185 10 11
161 186 10 12
161 187 10 1
161 188 10 2
162 174 10 12
162 175 10 1
162 176 10 2
162 177 10 3
162 178 10 4
162 179 10 11
162 180 10 12
162 181 10 1
162 182 10 2
162 183 10 3
162 184 10 4
162 185 10 11
162 186 10 12
162 187 10 1
162 188 10 2
163 174 10 12
163 175 10 1
163 176 10 2
163 177 10 3
163 178 10 4
163 179 10 11
163 180 10 12
163 181 10 1
163 182 10 2
163 183 10 3
163 184 10 4
163 185 10 11
163 186 10 12
163 187 10 1
163 188 10 2
164 174 10 12
164 175 10 1
164 176 10 2
164 177 10 3
164 178 10 4
164 179 10 11
164 180 10 12
164 181 10 1
164 182 10 2
164 183 10 3
164 184 10 4
164 185 10 11
164 186 10 12
164 187 10 1
164 188 10 2
165 174 10 12
165 175 10 1
165 176 10 2
165 177 10 3
165 178 10 4
165 179 10 11
165 180 10 12
165 181 10 1
165 182 10 2
165 183 10 3
165 184 10 4
165 185 10 11
165 186 10 12
165 187 10 1
165 188 10 2
166 174 10 12
166 175 10 1
166 176 10 2
166 177 10 3
166 178 10 4
166 179 10 11
166 180 10 12
166 181 10 1
166 182 10 2
166 183 10 3
166 184 10 4
166 185 10 11
166 186 10 12
166 187 10 1
166 188 10 2
167 174 10 12
167 175 10 1
167 176 10 2
167 177 10 3
167 178 10 4
167 179 10 11
167 180 10 12
167 181 10 1
167 182 10 2
167 183 10 3
167 184 10 4
167 185 10 11
167 186 10 12
167 187 10 1
167 188 10 2
168 174 10 12
168 175 10 1
168 176 10 2
168 177 10 3
168 178 10 4
168 179 10 11
168 180 10 12
168 181 10 1
168 182 10 2
168 183 10 3
168 184 10 4
168 185 10 11
168 186 10 12
168 187 10 1
168 188 10 2
169 174 10 12
169 175 10 1
169 176 10 2
169 177 10 3
169 178 10 4
169 179 10 11
169 180 10 12
169 181 10 1
169 182 10 2
169 183 10 3
169 184 10 4
169 185 10 11
169 186 10 12
169 187 10 1
169 188 10 2
170 174 10 12
170 175 10 1
170 176 10 2
170 177 10 3
170 178 10 4
170 179 10 11
170 180 10 12
170 181 10 1
170 182 10 2
170 183 10 3
170 184 10 4
170 185 10 11
170 186 10 12
170 187 10 1
170 188 10 2
171 174 10 12
171 175 10 1
171 176 10 2
171 177 10 3
171 178 10 4
171 179 10 11
171 180 10 12
171 181 10 1
171 182 10 2
171 183 10 3
171 184 10 4
171 185 10 11
171 186 10 12
171 187 10 1
171 188 10 2
172 174 10 12
172 175 10 1
172 176 10 2
172 177 10 3
172 178 10 4
172 179 10 11
172 180 10 12
172 181 10 1
172 182 10 2
172 183 10 3
172 184 10 4
172 185 10 11
172 186 10 12
172 187 10 1
172 188 10 2
173 174 10 12
173 175 10 1
173 176 10 2
173 177 10 3
173 178 10 4
173 179 10 11
173 180 10 12
173 181 10 1
173 182 10 2
173 183 10 3
173 184 10 4
173 185 10 11
173 186 10 12
173 187 10 1
173 188 10 2
174 189 10 1
174 190 10 2
174 191 10 3
174 192 10 4
174 193 10 5
174 194 10 12
174 195 10 1
174 196 10 2
174 197 10 3
174 198 10 4
174 199 10 5
174 200 10 12
174 201 10 1
174 202 10 2
174 203 10 3
175 189 10 1
175 190 10 2
175 191 10 3
175 192 10 4
175 193 10 5
175 194 10 12
175 195 10 1
175 196 10 2
175 197 10 3
175 198 10 4
175 199 10 5
175 200 10 12
175 201 10 1
175 202 10 2
175 203 10 3
176 189 10 1
176 190 10 2
176 191 10 3
176 192 10 4
176 193 10 5
176 194 10 12
176 195 10 1
176 196 10 2
176 197 10 3
176 198 10 4
176 199 10 5
176 200 10 12
176 201 10 1
176 202 10 2
176 203 10 3
177 189 10 1
177 190 10 2
177 191 10 3
177 192 10 4
177 193 10 5
177 194 10 12
177 195 10 1
177 196 10 2
177 197 10 3
177 198 10 4
177 199 10 5
177 200 10 12
177 201 10 1
177 202 10 2
177 203 10 3
178 189 10 1
178 190 10 2
178 191 10 3
178 192 10 4
178 193 10 5
178 194 10 12
178 195 10 1
178 196 10 2
178 197 10 3
178 198 10 4
178 199 10 5
178 200 10 12
178 201 10 1
178 202 10 2
178 203 10 3
179 189 10 1
179 190 10 2
179 191 10 3
179 192 10 4
179 193 10 5
179 194 10 12
179 195 10 1
179 196 10 2
179 197 10 3
179 198 10 4
179 199 10 5
179 200 10 12
179 201 10 1
179 202 10 2
179 203 10 3
180 189 10 1
180 190 10 2
180 191 10 3
180 192 10 4
180 193 10 5
180 194 10 12
180 195 10 1
180 196 10 2
180 197 10 3
180 198 10 4
180 199 10 5
180 200 10 12
180 201 10 1
180 202 10 2
180 203 10 3
181 189 10 1
181 190 10 2
181 191 10 3
181 192 10 4
181 193 10 5
181 194 10 12
181 195 10 1
181 196 10 2
181 197 10 3
181 198 10 4
181 199 10 5
181 200 10 12
181 201 10 1
181 202 10 2
181 203 10 3
182 189 10 1
182 190 10 2
182 191 10 3
182 192 10 4
182 193 10 5
182 194 10 12
182 195 10 1
182 196 10 2
182 197 10 3
182 198 10 4
182 199 10 5
182 200 10 12
182 201 10 1
182 202 10 2
182 203 10 3
183 189 10 1
183 190 10 2
183 191 10 3
183 192 10 4
183 193 10 5
183 194 10 12
183 195 10 1
183 196 10 2
183 197 10 3
183 198 10 4
183 199 10 5
183 200 10 12
183 201 10 1
183 202 10 2
183 203 10 3
184 189 10 1
184 190 10 2
184 191 10 3
184 192 10 4
184 193 10 5
184 194 10 12
184 195 10 1
184 196 10 2
184 197 10 3
184 198 10 4
184 199 10 5
184 200 10 12
184 201 10 1
184 202 10 2
184 203 10 3
185 189 10 1
185 190 10 2
185 191 10 3
185 192 10 4
185 193 10 5
185 194 10 12
185 195 10 1
185 196 10 2
185 197 10 3
185 198 10 4
185 199 10 5
185 200 10 12
185 201 10 1
185 202 10 2
185 203 10 3
186 189 10 1
186 190 10 2
186 191 10 3
186 192 10 4
186 193 10 5
186 194 10 12
186 195 10 1
186 196 10 2
186 197 10 3
186 198 10 4
186 199 10 5
186 200 10 12
186 201 10 1
186 202 10 2
186 203 10 3
187 189 10 1
187 190 10 2
187 191 10 3
187 192 10 4
187 193 10 5
187 194 10 12
187 195 10 1
187 196 10 2
187 197 10 3
187 198 10 4
187 199 10 5
187 200 10 12
187 201 10 1
187 202 10 2
187 203 10 3
188 189 10 1
188 190 10 2
188 191 10 3
188 192 10 4
188 193 10 5
188 194 10 12
188 195 10 1
188 196 10 2
188 197 10 3
188 198 10 4
188 199 10 5
188 200 10 12
188 201 10 1
188 202 10 2
188 203 10 3
189 204 10 2
189 205 10 3
189 206 10 4
189 207 10 5
189 208 10 6
189 209 10 1
189 210 10 2
189 211 10 3
189 212 10 4
189 213 10 5
189 214 10 6
189 215 10 1
189 216 10 2
189 217 10 3
189 218 10 4
190 204 10 2
190 205 10 3
190 206 10 4
190 207 10 5
190 208 10 6
190 209 10 1
190 210 10 2
190 211 10 3
190 212 10 4
190 213 10 5
190 214 10 6
190 215 10 1
190 216 10 2
190 217 10 3
190 218 10 4
191 204 10 2
191 205 10 3
191 206 10 4
191 207 10 5
191 208 10 6
191 209 10 1
191 210 10 2
191 211 10 3
191 212 10 4
191 213 10 5
191 214 10 6
191 215 10 1
191 216 10 2
191 217 10 3
191 218 10 4
192 204 10 2
192 205 10 3
192 206 10 4
192 207 10 5
192 208 10 6
192 209 10 1
192 210 10 2
192 211 10 3
192 212 10 4
192 213 10 5
192 214 10 6
192 215 10 1
192 216 10 2
192 217 10 3
192 218 10 4
193 204 10 2
193 205 10 3
193 206 10 4
193 207 10 5
193 208 10 6
193 209 10 1
193 210 10 2
193 211 10 3
193 212 10 4
193 213 10 5
193 214 10 6
193 215 10 1
193 216 10 2
193 217 10 3
193 218 10 4
194 204 10 2
194 205 10 3
194 206 10 4
194 207 10 5
194 208 10 6
194 209 10 1
194 210 10 2
194 211 10 3
194 212 10 4
194 213 10 5
194 214 10 6
194 215 10 1
194 216 10 2
194 217 10 3
194 218 10 4
195 204 10 2
195 205 10 3
195 206 10 4
195 207 10 5
195 208 10 6
195 209 10 1
195 210 10 2
195 211 10 3
195 212 10 4
195 213 10 5
195 214 10 6
195 215 10 1
195 216 10 2
195 217 10 3
195 218 10 4
196 204 10 2
196 205 10 3
196 206 10 4
196 207 10 5
196 208 10 6
196 209 10 1
196 210 10 2
196 211 10 3
196 212 10 4
196 213 10 5
196 214 10 6
196 215 10 1
196 216 10 2
196 217 10 3
196 218 10 4
197 204 10 2
197 205 10 3
197 206 10 4
197 207 10 5
197 208 10 6
197 209 10 1
197 210 10 2
197 211 10 3
197 212 10 4
197 213 10 5
197 214 10 6
197 215 10 1
197 216 10 2
197 217 10 3
197 218 10 4
198 204 10 2
198 205 10 3
198 206 10 4
198 207 10 5
198 208 10 6
198 209 10 1
198 210 10 2
198 211 10 3
198 212 10 4
198 213 10 5
198 214 10 6
198 215 10 1
198 216 10 2
198 217 10 3
198 218 10 4
199 204 10 2
199 205 10 3
199 206 10 4
199 207 10 5
199 208 10 6
199 209 10 1
199 210 10 2
199 211 10 3
199 212 10 4
199 213 10 5
199 214 10 6
199 215 10 1
199 216 10 2
199 217 10 3
199 218 10 4
200 204 10 2
200 205 10 3
200 206 10 4
200 207 10 5
200 208 10 6
200 209 10 1
200 210 10 2
200 211 10 3
200 212 10 4
200 213 10 5
200 214 10 6
200 215 10 1
200 216 10 2
200 217 10 3
200 218 10 4
201 204 10 2
201 205 10 3
201 206 10 4
201 207 10 5
201 208 10 6
201 209 10 1
201 210 10 2
201 211 10 3
201 212 10 4
201 213 10 5
201 214 10 6
201 215 10 1
201 216 10 2
201 217 10 3
201 218 10 4
202 204 10 2
202 205 10 3
202 206 10 4
202 207 10 5
202 208 10 6
202 209 10 1
202 210 10 2
202 211 10 3
202 212 10 4
202 213 10 5
202 214 10 6
202 215 10 1
202 216 10 2
202 217 10 3
202 218 10 4
203 204 10 2
203 205 10 3
203 206 10 4
203 207 10 5
203 208 10 6
203 209 10 1
203 210 10 2
203 211 10 3
203 212 10 4
203 213 10 5
203 214 10 6
203 215 10 1
203 216 10 2
203 217 10 3
203 218 10 4
204 219 10 3
204 220 10 4
204 221 10 5
204 222 10 6
204 223 10 7
204 224 10 2
204 225 10 3
204 226 10 4
204 227 10 5
204 228 10 6
204 229 10 7
204 230 10 2
204 231 10 3
204 232 10 4
204 233 10 5
205 219 10 3
205 220 10 4
205 221 10 5
205 222 10 6
205 223 10 7
205 224 10 2
205 225 10 3
205 226 10 4
205 227 10 5
205 228 10 6
205 229 10 7
205 230 10 2
205 231 10 3
205 232 10 4
205 233 10 5
206 219 10 3
206 220 10 4
206 221 10 5
206 222 10 6
206 223 10 7
206 224 10 2
206 225 10 3
206 226 10 4
206 227 10 5
206 228 10 6
206 229 10 7
206 230 10 2
206 231 10 3
206 232 10 4
206 233 10 5
207 219 10 3
207 220 10 4
207 221 10 5
207 222 10 6
207 223 10 7
207 224 10 2
207 225 10 3
207 226 10 4
207 227 10 5
207 228 10 6
207 229 10 7
207 230 10 2
207 231 10 3
207 232 10 4
207 233 10 5
208 219 10 3
208 220 10 4
208 221 10 5
208 222 10 6
208 223 10 7
208 224 10 2
208 225 10 3
208 226 10 4
208 227 10 5
208 228 10 6
208 229 10 7
208 230 10 2
208 231 10 3
208 232 10 4
208 233 10 5
209 219 10 3
209 220 10 4
209 221 10 5
209 222 10 6
209 223 10 7
209 224 10 2
209 225 10 3
209 226 10 4
209 227 10 5
209 228 10 6
209 229 10 7
209 230 10 2
209 231 10 3
209 232 10 4
209 233 10 5
210 219 10 3
210 220 10 4
210 221 10 5
210 222 10 6
210 223 10 7
210 224 10 2
210 225 10 3
210 226 10 4
210 227 10 5
210 228 10 6
210 229 10 7
210 230 10 2
210 231 10 3
210 232 10 4
210 233 10 5
211 219 10 3
211 220 10 4
211 221 10 5
211 222 10 6
211 223 10 7
211 224 10 2
211 225 10 3
211 226 10 4
211 227 10 5
211 228 10 6
211 229 10 7
211 230 10 2
211 231 10 3
211 232 10 4
211 233 10 5
212 219 10 3
212 220 10 4
212 221 10 5
212 222 10 6
212 223 10 7
212 224 10 2
212 225 10 3
212 226 10 4
212 227 10 5
212 228 10 6
212 229 10 7
212 230 10 2
212 231 10 3
212 232 10 4
212 233 10 5
213 219 10 3
213 220 10 4
213 221 10 5
213 222 10 6
213 223 10 7
213 224 10 2
213 225 10 3
213 226 10 4
213 227 10 5
213 228 10 6
213 229 10 7
213 230 10 2
213 231 10 3
213 232 10 4
213 233 10 5
214 219 10 3
214 220 10 4
214 221 10 5
214 222 10 6
214 223 10 7
214 224 10 2
214 225 10 3
214 226 10 4
214 227 10 5
214 228 10 6
214 229 10 7
214 230 10 2
214 231 10 3
214 232 10 4
214 233 10 5
215 219 10 3
215 220 10 4
215 221 10 5
215 222 10 6
215 223 10 7
215 224 10 2
215 225 10 3
215 226 10 4
215 227 10 5
215 228 10 6
215 229 10 7
215 230 10 2
215 231 10 3
215 232 10 4
215 233 10 5
216 219 10 3
216 220 10 4
216 221 10 5
216 222 10 6
216 223 10 7
216 224 10 2
216 225 10 3
216 226 10 4
216 227 10 5
216 228 10 6
216 229 10 7
216 230 10 2
216 231 10 3
216 232 10 4
216 233 10 5
217 219 10 3
217 220 10 4
217 221 10 5
217 222 10 6
217 223 10 7
217 224 10 2
217 225 10 3
217 226 10 4
217 227 10 5
217 228 10 6
217 229 10 7
217 230 10 2
217 231 10 3
217 232 10 4
217 233 10 5
218 219 10 3
218 220 10 4
218 221 10 5
218 222 10 6
218 223 10 7
218 224 10 2
218 225 10 3
218 226 10 4
218 227 10 5
218 228 10 6
218 229 10 7
218 230 10 2
218 231 10 3
218 232 10 4
218 233 10 5
219 234 10 4
219 235 10 5
219 236 10 6
219 237 10 7
219 238 10 8
219 239 10 3
219 240 10 4
219 241 10 5
219 242 10 6
219 243 10 7
219 244 10 8
219 245 10 3
219 246 10 4
219 247 10 5
219 248 10 6
220 234 10 4
220 235 10 5
220 236 10 6
220 237 10 7
220 238 10 8
220 239 10 3
220 240 10 4
220 241 10 5
220 242 10 6
220 243 10 7
220 244 10 8
220 245 10 3
220 246 10 4
220 247 10 5
220 248 10 6
221 234 10 4
221 235 10 5
221 236 10 6
221 237 10 7
221 238 10 8
221 239 10 3
221 240 10 4
221 241 10 5
221 242 10 6
221 243 10 7
221 244 10 8
221 245 10 3
221 246 10 4
221 247 10 5
221 248 10 6
222 234 10 4
222 235 10 5
222 236 10 6
222 237 10 7
222 238 10 8
222 239 10 3
222 240 10 4
222 241 10 5
222 242 10 6
222 243 10 7
222 244 10 8
222 245 10 3
222 246 10 4
222 247 10 5
222 248 10 6
223 234 10 4
223 235 10 5
223 236 10 6
223 237 10 7
223 238 10 8
223 239 10 3
223 240 10 4
223 241 10 5
223 242 10 6
223 243 10 7
223 244 10 8
223 245 10 3
223 246 10 4
223 247 10 5
223 248 10 6
224 234 10 4
224 235 10 5
224 236 10 6
224 237 10 7
224 238 10 8
224 239 10 3
224 240 10 4
224 241 10 5
224 242 10 6
224 243 10 7
224 244 10 8
224 245 10 3
224 246 10 4
224 247 10 5
224 248 10 6
225 234 10 4
225 235 10 5
225 236 10 6
225 237 10 7
225 238 10 8
225 239 10 3
225 240 10 4
225 241 10 5
225 242 10 6
225 243 10 7
225 244 10 8
225 245 10 3
225 246 10 4
225 247 10 5
225 248 10 6
226 234 10 4
226 235 10 5
226 236 10 6
226 237 10 7
226 238 10 8
226 239 10 3
226 240 10 4
226 241 10 5
226 242 10 6
226 243 10 7
226 244 10 8
226 245 10 3
226 246 10 4
226 247 10 5
226 248 10 6
227 234 10 4
227 235 10 5
227 236 10 6
227 237 10 7
227 238 10 8
227 239 10 3
227 240 10 4
227 241 10 5
227 242 10 6
227 243 10 7
227 244 10 8
227 245 10 3
227 246 10 4
227 247 10 5
227 248 10 6
228 234 10 4
228 235 10 5
228 236 10 6
228 237 10 7
228 238 10 8
228 239 10 3
228 240 10 4
228 241 10 5
228 242 10 6
228 243 10 7
228 244 10 8
228 245 10 3
228 246 10 4
228 247 10 5
228 248 10 6
229 234 10 4
229 235 10 5
229 236 10 6
229 237 10 7
229 238 10 8
229 239 10 3
229 240 10 4
229 241 10 5
229 242 10 6
229 243 10 7
229 244 10 8
229 245 10 3
229 246 10 4
229 247 10 5
229 248 10 6
230 234 10 4
230 235 10 5
230 236 10 6
230 237 10 7
230 238 10 8
230 239 10 3
230 240 10 4
230 241 10 5
230 242 10 6
230 243 10 7
230 244 10 8
230 245 10 3
230 246 10 4
230 247 10 5
230 248 10 6
231 234 10 4
231 235 10 5
231 236 10 6
231 237 10 7
231 238 10 8
231 239 10 3
231 240 10 4
231 241 10 5
231 242 10 6
231 243 10 7
231 244 10 8
231 245 10 3
231 246 10 4
231 247 10 5
231 248 10 6
232 234 10 4
232 235 10 5
232 236 10 6
232 237 10 7
232 238 10 8
232 239 10 3
232 240 10 4
232 241 10 5
232 242 10 6
232 243 10 7
232 244 10 8
232 245 10 3
232 246 10 4
232 247 10 5
232 248 10 6
233 234 10 4
233 235 10 5
233 236 10 6
233 237 10 7
233 238 10 8
233 239 10 3
233 240 10 4
233 241 10 5
233 242 10 6
233 243 10 7
233 244 10 8
233 245 10 3
233 246 10 4
233 247 10 5
233 248 10 6
234 249 10 5
234 250 10 6
234 251 10 7
234 252 10 8
234 253 10 9
234 254 10 4
234 255 10 5
234 256 10 6
234 257 10 7
234 258 10 8
234 259 10 9
234 260 10 4
234 261 10 5
234 262 10 6
234 263 10 7
235 249 10 5
235 250 10 6
235 251 10 7
235 252 10 8
235 253 10 9
235 254 10 4
235 255 10 5
235 256 10 6
235 257 10 7
235 258 10 8
235 259 10 9
235 260 10 4
235 261 10 5
235 262 10 6
235 263 10 7
236 249 10 5
236 250 10 6
236 251 10 7
236 252 10 8
236 253 10 9
236 254 10 4
236 255 10 5
236 256 10 6
236 257 10 7
236 258 10 8
236 259 10 9
236 260 10 4
236 261 10 5
236 262 10 6
236 263 10 7
237 249 10 5
237 250 10 6
237 251 10 7
237 252 10 8
237 253 10 9
237 254 10 4
237 255 10 5
237 256 10 6
237 257 10 7
237 258 10 8
237 259 10 9
237 260 10 4
237 261 10 5
237 262 10 6
237 263 10 7
238 249 10 5
238 250 10 6
238 251 10 7
238 252 10 8
238 253 10 9
238 254 10 4
238 255 10 5
238 256 10 6
238 257 10 7
238 258 10 8
238 259 10 9
238 260 10 4
238 261 10 5
238 262 10 6
238 263 10 7
239 249 10 5
239 250 10 6
239 251 10 7
239 252 10 8
239 253 10 9
239 254 10 4
239 255 10 5
239 256 10 6
239 257 10 7
239 258 10 8
239 259 10 9
239 260 10 4
239 261 10 5
239 262 10 6
239 263 10 7
240 249 10 5
240 250 10 6
240 251 10 7
240 252 10 8
240 253 10 9
240 254 10 4
240 255 10 5
240 256 10 6
240 257 10 7
240 258 10 8
240 259 10 9
240 260 10 4
240 261 10 5
240 262 10 6
240 263 10 7
241 249 10 5
241 250 10 6
241 251 10 7
241 252 10 8
241 253 10 9
241 254 10 4
241 255 10 5
241 256 10 6
241 257 10 7
241 258 10 8
241 259 10 9
241 260 10 4
241 261 10 5
241 262 10 6
241 263 10 7
242 249 10 5
242 250 10 6
242 251 10 7
242 252 10 8
242 253 10 9
242 254 10 4
242 255 10 5
242 256 10 6
242 257 10 7
242 258 10 8
242 259 10 9
242 260 10 4
242 261 10 5
242 262 10 6
242 263 10 7
243 249 10 5
243 250 10 6
243 251 10 7
243 252 10 8
243 253 10 9
243 254 10 4
243 255 10 5
243 256 10 6
243 257 10 7
243 258 10 8
243 259 10 9
243 260 10 4
243 261 10 5
243 262 10 6
243 263 10 7
244 249 10 5
244 250 10 6
244 251 10 7
244 252 10 8
244 253 10 9
244 254 10 4
244 255 10 5
244 256 10 6
244 257 10 7
244 258 10 8
244 259 10 9
244 260 10 4
244 261 10 5
244 262 10 6
244 263 10 7
245 249 10 5
245 250 10 6
245 251 10 7
245 252 10 8
245 253 10 9
245 254 10 4
245 255 10 5
245 256 10 6
245 257 10 7
245 258 10 8
245 259 10 9
245 260 10 4
245 261 10 5
245 262 10 6
245 263 10 7
246 249 10 5
246 250 10 6
246 251 10 7
246 252 10 8
246 253 10 9
246 254 10 4
246 255 10 5
246 256 10 6
246 257 10 7
246 258 10 8
246 259 10 9
246 260 10 4
246 261 10 5
246 262 10 6
246 263 10 7
247 249 10 5
247 250 10 6
247 251 10 7
247 252 10 8
247 253 10 9
247 254 10 4
247 255 10 5
247 256 10 6
247 257 10 7
247 258 10 8
247 259 10 9
247 260 10 4
247 261 10 5
247 262 10 6
247 263 10 7
248 249 10 5
248 250 10 6
248 251 10 7
248 252 10 8
248 253 10 9
248 254 10 4
248 255 10 5
248 256 10 6
248 257 10 7
248 258 10 8
248 259 10 9
248 260 10 4
248 261 10 5
248 262 10 6
248 263 10 7
249 264 10 6
249 265 10 7
249 266 10 8
249 267 10 9
249 268 10 10
249 269 10 5
249 270 10 6
249 271 10 7
249 272 10 8
249 273 10 9
249 274 10 10
249 275 10 5
249 276 10 6
249 277 10 7
249 278 10 8
250 264 10 6
250 265 10 7
250 266 10 8
250 267 10 9
250 268 10 10
250 269 10 5
250 270 10 6
250 271 10 7
250 272 10 8
250 273 10 9
250 274 10 10
250 275 10 5
250 276 10 6
250 277 10 7
250 278 10 8
251 264 10 6
251 265 10 7
251 266 10 8
251 267 10 9
251 268 10 10
251 269 10 5
251 270 10 6
251 271 10 7
251 272 10 8
251 273 10 9
251 274 10 10
251 275 10 5
251 276 10 6
251 277 10 7
251 278 10 8
252 264 10 6
252 265 10 7
252 266 10 8
252 267 10 9
252 268 10 10
252 269 10 5
252 270 10 6
252 271 10 7
252 272 10 8
252 273 10 9
252 274 10 10
252 275 10 5
252 276 10 6
252 277 10 7
252 278 10 8
253 264 10 6
253 265 10 7
253 266 10 8
253 267 10 9
253 268 10 10
253 269 10 5
253 270 10 6
253 271 10 7
253 272 10 8
253 273 10 9
253 274 10 10
253 275 10 5
253 276 10 6
253 277 10 7
253 278 10 8
254 264 10 6
254 265 10 7
254 266 10 8
254 267 10 9
254 268 10 10
254 269 10 5
254 270 10 6
254 271 10 7
254 272 10 8
254 273 10 9
254 274 10 10
254 275 10 5
254 276 10 6
254 277 10 7
254 278 10 8
255 264 10 6
255 265 10 7
255 266 10 8
255 267 10 9
255 268 10 10
255 269 10 5
255 270 10 6
255 271 10 7
255 272 10 8
255 273 10 9
255 274 10 10
255 275 10 5
255 276 10 6
255 277 10 7
255 278 10 8
256 264 10 6
256 265 10 7
256 266 10 8
256 267 10 9
256 268 10 10
256 269 10 5
256 270 10 6
256 271 10 7
256 272 10 8
256 273 10 9
256 274 10 10
256 275 10 5
256 276 10 6
256 277 10 7
256 278 10 8
257 264 10 6
257 265 10 7
257 266 10 8
257 267 10 9
257 268 10 10
257 269 10 5
257 270 10 6
257 271 10 7
257 272 10 8
257 273 10 9
257 274 10 10
257 275 10 5
257 276 10 6
257 277 10 7
257 278 10 8
258 264 10 6
258 265 10 7
258 266 10 8
258 267 10 9
258 268 10 10
258 269 10 5
258 270 10 6
258 271 10 7
258 272 10 8
258 273 10 9
258 274 10 10
258 275 10 5
258 276 10 6
258 277 10 7
258 278 10 8
259 264 10 6
259 265 10 7
259 266 10 8
259 267 10 9
259 268 10 10
259 269 10 5
259 270 10 6
259 271 10 7
259 272 10 8
259 273 10 9
259 274 10 10
259 275 10 5
259 276 10 6
259 277 10 7
259 278 10 8
260 264 10 6
260 265 10 7
260 266 10 8
260 267 10 9
260 268 10 10
260 269 10 5
260 270 10 6
260 271 10 7
260 272 10 8
260 273 10 9
260 274 10 10
260 275 10 5
260 276 10 6
260 277 10 7
260 278 10 8
261 264 10 6
261 265 10 7
261 266 10 8
261 267 10 9
261 268 10 10
261 269 10 5
261 270 10 6
261 271 10 7
261 272 10 8
261 273 10 9
261 274 10 10
261 275 10 5
261 276 10 6
261 277 10 7
261 278 10 8
262 264 10 6
262 265 10 7
262 266 10 8
262 267 10 9
262 268 10 10
262 269 10 5
262 270 10 6
262 271 10 7
262 272 10 8
262 273 10 9
262 274 10 10
262 275 10 5
262 276 10 6
262 277 10 7
262 278 10 8
263 264 10 6
263 265 10 7
263 266 10 8
263 267 10 9
263 268 10 10
263 269 10 5
263 270 10 6
263 271 10 7
263 272 10 8
263 273 10 9
263 274 10 10
263 275 10 5
263 276 10 6
263 277 10 7
263 278 10 8
264 279 10 7
264 280 10 8
264 281 10 9
264 282 10 10
264 283 10 11
264 284 10 6
264 285 10 7
264 286 10 8
264 287 10 9
264 288 10 10
264 289 10 11
264 290 10 6
264 291 10 7
264 292 10 8
264 293 10 9
265 279 10 7
265 280 10 8
265 281 10 9
265 282 10 10
265 283 10 11
265 284 10 6
265 285 10 7
265 286 10 8
265 287 10 9
265 288 10 10
265 289 10 11
265 290 10 6
265 291 10 7
265 292 10 8
265 293 10 9
266 279 10 7
266 280 10 8
266 281 10 9
266 282 10 10
266 283 10 11
266 284 10 6
266 285 10 7
266 286 10 8
266 287 10 9
266 288 10 10
266 289 10 11
266 290 10 6
266 291 10 7
266 292 10 8
266 293 10 9
267 279 10 7
267 280 10 8
267 281 10 9
267 282 10 10
267 283 10 11
267 284 10 6
267 285 10 7
267 286 10 8
267 287 10 9
267 288 10 10
267 289 10 11
267 290 10 6
267 291 10 7
267 292 10 8
267 293 10 9
268 279 10 7
268 280 10 8
268 281 10 9
268 282 10 10
268 283 10 11
268 284 10 6
268 285 10 7
268 286 10 8
268 287 10 9
268 288 10 10
268 289 10 11
268 290 10 6
268 291 10 7
268 292 10 8
268 293 10 9
269 279 10 7
269 280 10 8
269 281 10 9
269 282 10 10
269 283 10 11
269 284 10 6
269 285 10 7
269 286 10 8
269 287 10 9
269 288 10 10
269 289 10 11
269 290 10 6
269 291 10 7
269 292 10 8
269 293 10 9
270 279 10 7
270 280 10 8
270 281 10 9
270 282 10 10
270 283 10 11
270 284 10 6
270 285 10 7
270 286 10 8
270 287 10 9
270 288 10 10
270 289 10 11
270 290 10 6
270 291 10 7
270 292 10 8
270 293 10 9
271 279 10 7
271 280 10 8
271 281 10 9
271 282 10 10
271 283 10 11
271 284 10 6
271 285 10 7
271 286 10 8
271 287 10 9
271 288 10 10
271 289 10 11
271 290 10 6
271 291 10 7
271 292 10 8
271 293 10 9
272 279 10 7
272 280 10 8
272 281 10 9
272 282 10 10
272 283 10 11
272 284 10 6
272 285 10 7
272 286 10 8
272 287 10 9
272 288 10 10
272 289 10 11
272 290 10 6
272 291 10 7
272 292 10 8
272 293 10 9
273 279 10 7
273 280 10 8
273 281 10 9
273 282 10 10
273 283 10 11
273 284 10 6
273 285 10 7
273 286 10 8
273 287 10 9
273 288 10 10
273 289 10 11
273 290 10 6
273 291 10 7
273 292 10 8
273 293 10 9
274 279 10 7
274 280 10 8
274 281 10 9
274 282 10 10
274 283 10 11
274 284 10 6
274 285 10 7
274 286 10 8
274 287 10 9
274 288 10 10
274 289 10 11
274 290 10 6
274 291 10 7
274 292 10 8
274 293 10 9
275 279 10 7
275 280 10 8
275 281 10 9
275 282 10 10
275 283 10 11
275 284 10 6
275 285 10 7
275 286 10 8
275 287 10 9
275 288 10 10
275 289 10 11
275 290 10 6
275 291 10 7
275 292 10 8
275 293 10 9
276 279 10 7
276 280 10 8
276 281 10 9
276 282 10 10
276 283 10 11
276 284 10 6
276 285 10 7
276 286 10 8
276 287 10 9
276 288 10 10
276 289 10 11
276 290 10 6
276 291 10 7
276 292 10 8
276 293 10 9
277 279 10 7
277 280 10 8
277 281 10 9
277 282 10 10
277 283 10 11
277 284 10 6
277 285 10 7
277 286 10 8
277 287 10 9
277 288 10 10
277 289 10 11
277 290 10 6
277 291 10 7
277 292 10 8
277 293 10 9
278 279 10 7
278 280 10 8
278 281 10 9
278 282 10 10
278 283 10 11
278 284 10 6
278 285 10 7
278 286 10 8
278 287 10 9
278 288 10 10
278 289 10 11
278 290 10 6
278 291 10 7
278 292 10 8
278 293 10 9
279 294 10 8
279 295 10 9
279 296 10 10
279 297 10 11
279 298 10 12
279 299 10 7
279 300 10 8
279 301 10 9
279 302 10 10
279 303 10 11
279 304 10 12
279 305 10 7
279 306 10 8
279 307 10 9
279 308 10 10
280 294 10 8
280 295 10 9
280 296 10 10
280 297 10 11
280 298 10 12
280 299 10 7
280 300 10 8
280 301 10 9
280 302 10 10
280 303 10 11
280 304 10 12
280 305 10 7
280 306 10 8
280 307 10 9
280 308 10 10
281 294 10 8
281 295 10 9
281 296 10 10
281 297 10 11
281 298 10 12
281 299 10 7
281 300 10 8
281 301 10 9
281 302 10 10
281 303 10 11
281 304 10 12
281 305 10 7
281 306 10 8
281 307 10 9
281 308 10 10
282 294 10 8
282 295 10 9
282 296 10 10
282 297 10 11
282 298 10 12
282 299 10 7
282 300 10 8
282 301 10 9
282 302 10 10
282 303 10 11
282 304 10 12
282 305 10 7
282 306 10 8
282 307 10 9
282 308 10 10
283 294 10 8
283 295 10 9
283 296 10 10
283 297 10 11
283 298 10 12
283 299 10 7
283 300 10 8
283 301 10 9
283 302 10 10
283 303 10 11
283 304 10 12
283 305 10 7
283 306 10 8
283 307 10 9
283 308 10 10
284 294 10 8
284 295 10 9
284 296 10 10
284 297 10 11
284 298 10 12
284 299 10 7
284 300 10 8
284 301 10 9
284 302 10 10
284 303 10 11
284 304 10 12
284 305 10 7
284 306 10 8
284 307 10 9
284 308 10 10
285 294 10 8
285 295 10 9
285 296 10 10
285 297 10 11
285 298 10 12
285 299 10 7
285 300 10 8
285 301 10 9
285 302 10 10
285 303 10 11
285 304 10 12
285 305 10 7
285 306 10 8
285 307 10 9
285 308 10 10
286 294 10 8
286 295 10 9
286 296 10 10
286 297 10 11
286 298 10 12
286 299 10 7
286 300 10 8
286 301 10 9
286 302 10 10
286 303 10 11
286 304 10 12
286 305 10 7
286 306 10 8
286 307 10 9
286 308 10 10
287 294 10 8
287 295 10 9
287 296 10 10
287 297 10 11
287 298 10 12
287 299 10 7
287 300 10 8
287 301 10 9
287 302 10 10
287 303 10 11
287 304 10 12
287 305 10 7
287 306 10 8
287 307 10 9
287 308 10 10
288 294 10 8
288 295 10 9
288 296 10 10
288 297 10 11
288 298 10 12
288 299 10 7
288 300 10 8
288 301 10 9
288 302 10 10
288 303 10 11
288 304 10 12
288 305 10 7
288 306 10 8
288 307 10 9
288 308 10 10
289 294 10 8
289 295 10 9
289 296 10 10
289 297 10 11
289 298 10 12
289 299 10 7
289 300 10 8
289 301 10 9
289 302 10 10
289 303 10 11
289 304 10 12
289 305 10 7
289 306 10 8
289 307 10 9
289 308 10 10
290 294 10 8
290 295 10 9
290 296 10 10
290 297 10 11
290 298 10 12
290 299 10 7
290 300 10 8
290 301 10 9
290 302 10 10
290 303 10 11
290 304 10 12
290 305 10 7
290 306 10 8
290 307 10 9
290 308 10 10
291 294 10 8
291 295 10 9
291 296 10 10
291 297 10 11
291 298 10 12
291 299 10 7
291 300 10 8
291 301 10 9
291 302 10 10
291 303 10 11
291 304 10 12
291 305 10 7
291 306 10 8
291 307 10 9
291 308 10 10
292 294 10 8
292 295 10 9
292 296 10 10
292 297 10 11
292 298 10 12
292 299 10 7
292 300 10 8
292 301 10 9
292 302 10 10
292 303 10 11
292 304 10 12
292 305 10 7
292 306 10 8
292 307 10 9
292 308 10 10
293 294 10 8
293 295 10 9
293 296 10 10
293 297 10 11
293 298 10 12
293 299 10 7
293 300 10 8
293 301 10 9
293 302 10 10
293 303 10 11
293 304 10 12
293 305 10 7
293 306 10 8
293 307 10 9
293 308 10 10
294 309 10 9
294 310 10 10
294 311 10 11
294 312 10 12
294 313 10 1
294 314 10 8
294 315 10 9
294 316 10 10
294 317 10 11
294 318 10 12
294 319 10 1
294 320 10 8
294 321 10 9
294 322 10 10
294 323 10 11
295 309 10 9
295 310 10 10
295 311 10 11
295 312 10 12
295 313 10 1
295 314 10 8
295 315 10 9
295 316 10 10
295 317 10 11
295 318 10 12
295 319 10 1
295 320 10 8
295 321 10 9
295 322 10 10
295 323 10 11
296 309 10 9
296 310 10 10
296 311 10 11
296 312 10 12
296 313 10 1
296 314 10 8
296 315 10 9
296 316 10 10
296 317 10 11
296 318 10 12
296 319 10 1
296 320 10 8
296 321 10 9
296 322 10 10
296 323 10 11
297 309 10 9
297 310 10 10
297 311 10 11
297 312 10 12
297 313 10 1
297 314 10 8
297 315 10 9
297 316 10 10
297 317 10 11
297 318 10 12
297 319 10 1
297 320 10 8
297 321 10 9
297 322 10 10
297 323 10 11
298 309 10 9
298 310 10 10
298 311 10 11
298 312 10 12
298 313 10 1
298 314 10 8
298 315 10 9
298 316 10 10
298 317 10 11
298 318 10 12
298 319 10 1
298 320 10 8
298 321 10 9
298 322 10 10
298 323 10 11
299 309 10 9
299 310 10 10
299 311 10 11
299 312 10 12
299 313 10 1
299 314 10 8
299 315 10 9
299 316 10 10
299 317 10 11
299 318 10 12
299 319 10 1
299 320 10 8
299 321 10 9
299 322 10 10
299 323 10 11
300 309 10 9
300 310 10 10
300 311 10 11
300 312 10 12
300 313 10 1
300 314 10 8
300 315 10 9
300 316 10 10
300 317 10 11
300 318 10 12
300 319 10 1
300 320 10 8
300 321 10 9
300 322 10 10
300 323 10 11
301 309 10 9
301 310 10 10
301 311 10 11
301 312 10 12
301 313 10 1
301 314 10 8
301 315 10 9
301 316 10 10
301 317 10 11
301 318 10 12
301 319 10 1
301 320 10 8
301 321 10 9
301 322 10 10
301 323 10 11
302 309 10 9
302 310 10 10
302 311 10 11
302 312 10 12
302 313 10 1
302 314 10 8
302 315 10 9
302 316 10 10
302 317 10 11
302 318 10 12
302 319 10 1
302 320 10 8
302 321 10 9
302 322 10 10
302 323 10 11
303 309 10 9
303 310 10 10
303 311 10 11
303 312 10 12
303 313 10 1
303 314 10 8
303 315 10 9
303 316 10 10
303 317 10 11
303 318 10 12
303 319 10 1
303 320 10 8
303 321 10 9
303 322 10 10
303 323 10 11
304 309 10 9
304 310 10 10
304 311 10 11
304 312 10 12
304 313 10 1
304 314 10 8
304 315 10 9
304 316 10 10
304 317 10 11
304 318 10 12
304 319 10 1
304 320 10 8
304 321 10 9
304 322 10 10
304 323 10 11
305 309 10 9
305 310 10 10
305 311 10 11
305 312 10 12
305 313 10 1
305 314 10 8
305 315 10 9
305 316 10 10
305 317 10 11
305 318 10 12
305 319 10 1
305 320 10 8
305 321 10 9
305 322 10 10
305 323 10 11
306 309 10 9
306 310 10 10
306 311 10 11
306 312 10 12
306 313 10 1
306 314 10 8
306 315 10 9
306 316 10 10
306 317 10 11
306 318 10 12
306 319 10 1
306 320 10 8
306 321 10 9
306 322 10 10
306 323 10 11
307 309 10 9
307 310 10 10
307 311 10 11
307 312 10 12
307 313 10 1
307 314 10 8
307 315 10 9
307 316 10 10
307 317 10 11
307 318 10 12
307 319 10 1
307 320 10 8
307 321 10 9
307 322 10 10
307 323 10 11
308 309 10 9
308 310 10 10
308 311 10 11
308 312 10 12
308 313 10 1
308 314 10 8
308 315 10 9
308 316 10 10
308 317 10 11
308 318 10 12
308 319 10 1
308 320 10 8
308 321 10 9
308 322 10 10
308 323 10 11
309 2 10 1
310 2 10 1
311 2 10 1
312 2 10 1
313 2 10 1
314 2 10 1
315 2 10 1
316 2 10 1
317 2 10 1
318 2 10 1
319 2 10 1
320 2 10 1
321 2 10 1
322 2 10 1
323 2 10 1
